7.99958e-07 0.000169389 0.246242 0.095083 0.0512142 0.0427137 0.00158901 0.0924829 0.261994 0.208511 
2.04006e-05 2.04001e-05 2.04041e-05 0.148977 0.177536 0.673344 2.04002e-05 2.04046e-05 2.04028e-05 2.04052e-05 
2.28768e-05 0.000229929 0.0362238 0.0222968 0.0202857 0.0112379 0.000122193 0.839863 0.00526538 0.0644527 
0.000131381 0.000131377 0.000131403 0.499486 0.499463 0.000131401 0.000131378 0.000131406 0.000131395 0.00013141 
5.21054e-06 3.1949e-06 0.0100882 0.00173318 0.00403041 0.0476092 3.70897e-05 0.89568 0.0046038 0.0362098 
4.89264e-05 7.47899e-09 0.721424 0.0467809 0.0130127 0.127158 4.35349e-05 0.0194211 6.21454e-06 0.0721051 
0.00445223 0.00193328 0.00136618 0.745011 0.106905 0.0453332 3.28473e-07 0.02314 0.00121683 0.0706415 
0.00801752 0.0300624 0.218492 0.0560384 0.0656026 0.0670594 0.00300709 0.0762649 0.0257844 0.449671 
3.81843e-07 0.00588196 0.198062 0.0830645 0.220198 0.0702007 0.00040094 0.057157 0.0342735 0.330761 
1.34999e-05 0.0360634 0.0142744 0.518997 0.0600743 2.4039e-05 0.000316875 0.302424 5.77366e-05 0.0677553 
0.00164106 1.10331e-10 0.00988296 0.619021 0.014709 0.107406 0.00180472 0.02256 0.00436567 0.21861 
0.00601274 0.00487986 0.0525149 0.223002 0.181294 0.11839 0.0230233 0.154689 0.000244796 0.235948 
0.007073 0.000748399 0.025128 0.482938 0.168701 0.0144352 0.160281 0.0685185 1.527e-06 0.0721757 
3.54824e-11 0.0112545 0.0157713 0.000520921 0.437935 0.063083 3.85293e-11 0.44215 0.0292836 1.43566e-06 
0.00166516 2.51331e-07 0.00345229 0.273159 0.456522 0.219516 1.34744e-05 0.0348244 0.000466967 0.0103804 
8.56617e-06 0.0048839 0.0426863 0.0449978 0.00364329 0.0142784 0.0080318 0.693888 0.0255051 0.162077 
0.000668281 1.48214e-06 0.00129812 0.274937 0.354186 0.0156804 1.88124e-08 0.115963 6.9367e-05 0.237196 
0.00147459 4.41264e-07 0.0199466 0.441298 0.0427367 0.0233637 1.275e-07 0.0799995 1.45796e-07 0.39118 
0.000323859 1.27883e-10 0.000391087 0.920394 0.0688889 0.00117697 9.93277e-05 1.01635e-06 7.00331e-11 0.00872527 
0.000326625 0.00861895 0.0122151 0.00840905 0.0275663 0.455334 2.11768e-06 0.157197 0.0198759 0.310455 
5.30794e-07 3.8833e-10 1.92987e-06 0.084219 0.261594 0.0293569 3.83994e-10 0.624827 2.12663e-10 4.24381e-07 
2.34488e-08 3.78605e-08 2.1131e-07 0.00880841 0.991189 6.58311e-08 9.34086e-07 1.23731e-06 2.36279e-07 2.74147e-07 
0.00233856 7.81086e-08 0.000118176 0.926967 0.0634478 0.00291383 0.0010228 8.241e-13 1.84367e-12 0.00319132 
0.00136912 1.97882e-05 0.00446531 0.321898 0.59295 0.00203125 0.00391207 0.0585277 0.000916465 0.0139103 
0.0367895 0.000151505 0.000253577 0.673208 0.273797 0.00274881 0.000183378 6.35079e-05 4.29084e-08 0.0128051 
1.81544e-09 0.0146657 1.69117e-05 0.0581114 0.902181 0.024938 1.97134e-09 4.88499e-05 1.09177e-09 3.83399e-05 
1.02336e-05 6.61785e-07 0.000952462 0.918691 0.0535709 0.00746592 1.03935e-06 0.00484522 4.2075e-06 0.0144583 
2.14989e-10 8.07443e-06 6.65814e-06 1.95791e-06 0.0174396 0.87982 8.241e-06 0.00325566 6.54219e-06 0.0994533 
0.000228994 0.00106528 0.00517062 0.37676 0.147946 0.211214 0.0579953 0.12064 0.00561018 0.0733703 
0.000967896 3.40944e-10 0.0660328 0.65711 0.0691101 0.00208567 0.00031301 0.0137516 0.00340459 0.187224 
0.000607627 0.000153158 0.0516549 0.084894 0.77398 0.00760822 0.00272266 0.028841 3.56818e-05 0.0495028 
0.000398512 0.00881428 0.00916298 0.754293 0.154784 0.00246318 0.0027754 0.0121776 0.000367114 0.0547639 
0.00575146 0.00400545 0.00772154 0.492272 0.249787 0.00851739 0.000966884 0.0975201 0.000727864 0.132731 
0.00297491 0.000368296 0.00626919 0.485063 0.377941 0.00731503 0.00314426 0.0676809 0.0083134 0.0409294 
0.000387808 0.0275236 0.00526469 0.327137 0.175881 0.0597033 0.00398382 0.0204645 0.0259489 0.353705 
5.63167e-06 0.00021735 0.00103317 0.296056 0.128188 0.07119 0.0295356 0.425819 0.000696538 0.0472586 
0.46549 0.00336189 0.00762502 0.405374 0.0629771 0.0093058 0.0155466 6.00362e-07 0.00612376 0.024196 
2.78198e-08 3.09812e-05 0.00899441 0.213288 0.761926 1.79505e-08 0.00524712 0.00614075 6.44276e-08 0.00437315 
0.000788489 0.000954862 0.020644 0.111404 0.04806 0.0608543 0.000533046 0.615761 0.0520597 0.088941 
0.0190348 0.000384553 0.00674145 0.664921 0.214706 0.0193051 0.0138654 0.0531073 0.0023787 0.00555582 
0.0487538 0.00391721 0.00530064 0.50414 0.243762 0.15928 0.00248876 4.60897e-07 0.000876089 0.0314807 
2.14351e-06 0.00300297 2.14388e-06 0.104199 0.0977627 2.14384e-06 0.745069 0.0499556 2.14373e-06 2.14399e-06 
0.0818971 0.000466879 0.00164445 0.711769 0.166125 0.00344163 0.0285211 0.00169923 0.000655755 0.00378025 
5.15143e-06 4.95668e-05 6.76621e-07 0.877003 0.00586129 6.74912e-10 0.00243952 4.21735e-10 9.43505e-10 0.114641 
0.00108156 0.0155268 0.0278055 0.0904438 0.762361 0.00395655 0.00420458 0.068326 0.00162504 0.0246691 
0.00206164 0.00211578 0.0179268 0.0576945 0.873022 0.00670571 0.00209773 0.0283997 0.000254428 0.00972181 
1.40419e-07 0.0194859 0.0250024 0.0379635 0.0102667 0.0498597 0.0010352 0.144418 0.00236274 0.709606 
0.000130442 0.00290817 0.188956 0.0124743 0.00154837 0.00374788 0.016819 0.139805 0.0728994 0.560711 
0.00039306 0.00720139 0.150851 0.107338 0.0606153 0.0350065 0.0418855 0.0643349 0.0934041 0.43897 
2.75155e-07 0.000354914 0.0313136 0.00936257 0.0793699 0.0795424 0.0989404 0.493212 0.029774 0.17813 
2.09559e-05 2.09553e-05 2.09595e-05 2.09604e-05 0.0545155 2.09591e-05 2.09554e-05 0.547076 0.088045 0.310238 
3.59512e-06 0.00206122 0.00976381 0.0251502 0.00206564 0.0151734 0.00375786 0.780709 0.0433517 0.117964 
5.95734e-07 0.00450338 0.00187671 0.0160221 0.000173962 0.00050091 0.00270307 0.778041 0.0417071 0.154471 
3.59512e-06 0.00206122 0.00976381 0.0251502 0.00206564 0.0151734 0.00375786 0.780709 0.0433517 0.117964 
0.00312098 0.000361695 0.0599865 0.103822 0.0403392 0.00924514 0.00307412 0.0706582 0.0392445 0.670148 
0.00149556 5.98987e-09 3.34678e-05 0.0377848 0.958578 0.000668362 1.35645e-11 5.14959e-05 1.9497e-05 0.00136846 
0.00149556 5.98987e-09 3.34678e-05 0.0377848 0.958578 0.000668362 1.35645e-11 5.14959e-05 1.9497e-05 0.00136846 
0.00537376 1.79488e-05 0.000341981 0.0818762 0.901971 0.00266093 3.28427e-07 0.000363473 6.71913e-05 0.00732725 
0.000245405 1.3681e-11 1.46996e-08 0.0124932 0.987044 0.000112578 1.35282e-11 6.93057e-09 2.92374e-05 7.53708e-05 
0.00149556 5.98987e-09 3.34678e-05 0.0377848 0.958578 0.000668362 1.35645e-11 5.14959e-05 1.9497e-05 0.00136846 
0.000245405 1.3681e-11 1.46996e-08 0.0124932 0.987044 0.000112578 1.35282e-11 6.93057e-09 2.92374e-05 7.53708e-05 
9.6907e-05 1.06477e-06 0.436442 0.327337 0.0584668 0.0120345 2.87368e-06 0.0366884 9.24044e-07 0.128929 
2.7732e-06 0.00257714 0.14423 0.00435926 0.0675641 0.103923 0.000628833 0.640066 0.00327069 0.033378 
0.00144265 0.00174789 0.00397091 0.477355 0.18506 0.0331222 0.000934799 0.0182179 0.00863499 0.269514 
0.00148764 0.0450118 0.181912 0.029634 0.044277 5.72039e-07 5.71938e-07 0.242212 0.216335 0.239129 
0.00120077 5.7993e-06 0.00454178 0.483319 0.277126 0.0249139 0.014945 0.0417387 5.47643e-06 0.152203 
0.0132113 0.000451601 0.182554 0.174878 0.241145 0.11438 0.00378397 0.108704 0.000371717 0.16052 
0.000363737 7.26976e-05 0.0764696 0.542078 0.176378 0.0379987 0.00242985 0.0897842 0.00973574 0.064689 
0.0002236 3.00376e-07 0.0818791 0.469432 0.214638 0.0397458 0.00250218 0.146195 0.000624798 0.0447584 
0.00294207 0.0278504 0.121845 0.161167 0.189416 0.0806932 0.00442563 0.0871508 0.00562615 0.318885 
0.00114696 0.0174087 0.0432406 0.523284 0.195921 0.0112777 0.0116355 0.114503 0.000706819 0.0808763 
0.00726292 0.000962302 0.00671793 0.273545 0.611661 0.00440155 0.0143994 0.0606537 4.39411e-05 0.0203524 
4.5034e-06 4.50327e-06 4.50417e-06 0.68557 0.29818 0.00631024 0.0045078 0.00540963 4.50387e-06 4.50441e-06 
0.00341259 0.0017377 0.0391187 0.365608 0.229183 0.0458799 0.00019381 0.118169 0.0063949 0.190303 
0.000820194 3.68983e-07 0.0145044 0.16551 0.496955 0.131391 1.07797e-05 0.0604277 0.00159978 0.12878 
0.000621532 0.000387022 6.75634e-05 0.0677767 0.0669353 0.782789 1.97835e-05 7.25501e-05 0.0180865 0.0632436 
1.30384e-05 8.9175e-05 0.00927667 0.0120172 0.0549698 0.00673676 0.00115186 0.891913 0.0064966 0.0173362 
0.000296534 0.00544903 0.0151865 0.224252 0.0309076 0.00443755 0.0093937 0.216857 0.00939685 0.483823 
1.01984e-05 8.66682e-05 0.00787184 0.0107081 0.0488149 0.00641567 0.000676343 0.903628 0.00743849 0.0143503 
0.00105537 6.6939e-08 0.00146402 0.73694 0.21165 0.0120672 0.0044298 0.00173609 0.000476736 0.0301813 
0.00879924 2.18751e-08 0.00383533 0.80361 0.116329 0.00681493 0.0509507 0.00121706 0.000570404 0.00787303 
0.00526632 0.00279149 0.0484137 0.497522 0.0323012 0.106483 0.000577153 0.0828477 0.00429159 0.219505 
0.000694161 0.000342565 0.014585 0.0730555 0.0119567 0.0261409 3.63394e-05 0.832364 7.27734e-06 0.0408171 
0.00040967 0.00101162 0.0351305 0.0506559 0.236273 0.266591 0.000996589 0.361249 0.00304482 0.0446379 
0.00118336 1.78324e-05 0.0235731 0.519092 0.120048 0.0593959 0.0152722 0.057224 0.00321949 0.200974 
0.000301145 0.744485 0.003223 0.111082 0.0661429 0.00971564 0.00508672 0.0499729 0.00263488 0.007356 
5.95185e-07 0.978899 2.46673e-05 1.43558e-05 0.00110213 1.76299e-05 3.34611e-06 0.0197849 7.66427e-12 0.000153208 
5.95185e-07 0.978899 2.46673e-05 1.43558e-05 0.00110213 1.76299e-05 3.34611e-06 0.0197849 7.66427e-12 0.000153208 
0.00226434 0.000587996 0.00422564 0.120835 0.403918 0.00220519 0.437782 0.010203 0.00164072 0.0163382 
5.44048e-05 4.12174e-06 0.000221958 0.0387835 0.256633 0.0005164 0.671034 0.00751211 0.00524389 0.0199963 
3.73725e-05 4.16598e-06 0.000177851 0.0228925 0.273944 6.30803e-05 0.69954 0.00174956 0.000396243 0.00119581 
5.95185e-07 0.978899 2.46673e-05 1.43558e-05 0.00110213 1.76299e-05 3.34611e-06 0.0197849 7.66427e-12 0.000153208 
0.0147588 0.562425 0.0264409 0.096786 0.124844 0.0282306 5.97785e-07 0.0980566 0.00556547 0.042892 
3.78855e-08 5.65824e-06 0.000402238 0.255882 0.302955 0.00102059 0.417422 0.00630668 0.00137713 0.0146284 
0.00038097 0.00660254 0.00209115 0.596818 0.280848 0.033224 1.0781e-05 0.0234905 0.0105229 0.0460104 
0.000236415 1.89647e-05 0.000111837 0.227853 0.446046 0.000308992 0.319841 0.00404754 0.000304285 0.00123098 
6.43188e-06 0.936424 0.000276383 0.00221326 0.0182327 0.00309498 0.000422849 0.037965 6.66518e-11 0.00136435 
0.000105581 0.810629 0.00205225 0.0153436 0.103832 0.000589872 9.1285e-08 0.0449742 2.97651e-06 0.0224712 
0.00148965 0.000890669 0.00107762 0.769111 0.0780752 0.00918273 0.0864941 0.0339402 0.00435525 0.0153837 
4.05767e-08 7.59729e-06 0.000331479 0.0178614 0.306268 0.00011716 0.669415 0.00303005 0.000738165 0.00223109 
0.000242998 5.4648e-07 0.0319103 6.41629e-07 0.72776 0.0299708 4.12292e-07 0.0643515 7.38927e-12 0.145763 
2.09958e-08 3.84238e-08 6.38433e-08 0.0371033 0.962869 1.65571e-08 1.14018e-08 4.02053e-08 2.78968e-05 9.0328e-08 
0.156959 8.68967e-05 0.0191061 0.332016 0.0988884 0.206182 0.00368789 0.0437227 0.00144025 0.137911 
0.0380697 2.64347e-06 0.0343746 0.531205 0.112901 0.0880463 0.0285522 0.0280297 0.0277629 0.111056 
0.000290178 2.6262e-07 0.00406062 0.284846 0.295333 0.0492167 0.00102857 0.354297 4.54047e-07 0.0109269 
0.000454739 0.00120577 0.00657434 0.0936345 0.861433 0.00387998 0.00394677 0.0158085 4.57934e-12 0.0130625 
7.93467e-07 1.8535e-10 0.0726978 0.493329 1.04701e-05 0.338433 6.59991e-07 7.12785e-06 2.29411e-06 0.0955188 
0.00151969 8.28184e-05 3.89686e-05 0.759659 0.092227 0.0215021 0.0958083 0.00630651 1.71868e-07 0.0228555 
0.00136054 0.00876874 0.00911823 0.480872 0.305102 0.00148614 0.114349 0.0418591 0.000369716 0.0367139 
0.214651 0.000156409 0.0164291 0.327248 0.0958032 0.178332 0.00350451 0.0380155 0.00121868 0.124641 
0.142805 0.000159263 0.0176128 0.277579 0.079096 0.262107 0.00399291 0.0534501 0.00151799 0.161679 
6.72882e-07 0.00370141 0.0675696 6.73027e-07 0.0563304 0.543772 0.060895 0.13716 6.72952e-07 0.130569 
0.00100878 2.3447e-07 0.0234118 0.243433 0.312212 0.175108 7.15521e-06 0.0451057 2.01153e-06 0.199712 
0.142805 0.000159263 0.0176128 0.277579 0.079096 0.262107 0.00399291 0.0534501 0.00151799 0.161679 
1.6718e-05 0.000183224 0.00888659 0.416735 0.108792 0.0442051 0.306381 0.0548812 0.00813019 0.0517882 
7.00158e-05 3.89175e-05 0.00137814 0.33012 0.324973 0.039252 0.242419 0.0244696 0.00208489 0.0351938 
0.00014325 1.80239e-06 0.00348832 0.0676481 0.87601 0.00410113 0.000518669 0.013061 0.000299129 0.0347285 
2.05332e-05 1.51492e-06 0.000293366 0.193925 0.75477 0.00570946 0.00500396 0.00387511 8.88407e-07 0.0364004 
2.26844e-05 2.68307e-06 0.00523203 0.0533128 0.895769 0.00314714 0.000777772 0.019591 0.000448506 0.0216965 
7.00158e-05 3.89175e-05 0.00137814 0.33012 0.324973 0.039252 0.242419 0.0244696 0.00208489 0.0351938 
0.000370256 0.000364074 0.164658 0.59642 0.0916441 0.00445367 0.0334727 0.0317995 0.00261326 0.0742043 
0.00043118 9.08507e-07 0.000846143 0.266921 0.68155 0.0204213 0.000465564 0.00114587 0.00122602 0.0269923 
0.000125193 0.000742527 0.236403 0.0495696 0.0186386 0.291762 0.000320374 0.0970817 0.00880679 0.29655 
0.051127 0.000369289 0.000710336 0.885946 0.0211817 0.0104702 0.00210425 0.00361011 0.0013662 0.0231152 
0.00478509 0.00019195 0.0378238 0.435446 0.245147 0.148733 0.0110399 0.00353833 0.010643 0.102653 
0.0311824 0.00870913 0.0358387 0.138596 0.317435 0.0219814 0.000843279 0.00570131 0.00223533 0.437477 
0.00552678 0.00425194 0.0189595 0.0266661 0.451232 0.0184965 0.000406692 0.100863 0.000183232 0.373414 
0.0435737 0.0053541 0.017686 0.212384 0.326398 0.00947911 0.00808535 0.00518908 0.000732584 0.371119 
0.0148942 4.25415e-06 0.0812746 0.428076 0.0591485 0.0391496 0.00978884 0.0200032 4.25471e-06 0.347656 
0.00359188 0.00221836 0.08318 0.164183 0.67945 0.00373064 0.000280047 0.0386905 8.4781e-05 0.0245915 
0.0631599 0.00104498 0.00945944 0.509583 0.287326 0.0899428 0.00360726 0.00346548 0.00307611 0.0293351 
0.000541624 0.0224296 0.13727 0.0563966 0.111784 0.110162 0.00267629 0.395609 0.0493874 0.113743 
0.000258835 0.00516516 0.0335342 0.0296616 0.350008 0.290432 0.000176159 0.0960506 0.00118465 0.193528 
8.86636e-11 0.00294633 0.364812 1.7746e-11 3.32926e-11 3.81413e-11 9.62773e-11 0.0265894 0.225981 0.379672 
8.00566e-06 0.000190559 0.0902897 0.0778883 2.15199e-05 0.433369 1.73828e-09 0.398108 2.08915e-05 0.000104546 
9.24921e-06 0.00597642 0.569861 1.27304e-05 2.79497e-05 0.012018 0.00152307 0.0455958 0.0046803 0.360295 
0.0034552 0.00170991 0.0460361 0.287706 0.332582 0.0874064 0.000284023 0.00360905 0.000626599 0.236584 
0.0034552 0.00170991 0.0460361 0.287706 0.332582 0.0874064 0.000284023 0.00360905 0.000626599 0.236584 
0.0034552 0.00170991 0.0460361 0.287706 0.332582 0.0874064 0.000284023 0.00360905 0.000626599 0.236584 
0.00134558 0.000532398 0.0101198 0.731204 0.12491 0.00543262 0.00655596 0.00104158 0.000755773 0.118103 
0.000953138 0.00131431 0.0757175 0.0428867 0.0872135 0.0736416 0.00606991 0.289798 0.00297618 0.419429 
0.000146129 0.00188417 0.00309719 0.737987 0.158302 4.11595e-05 0.00391734 0.00196885 0.000255423 0.0924 
0.00127748 0.0017684 0.0147324 0.0896702 0.0714972 0.131501 9.81903e-07 0.487916 9.82028e-07 0.201636 
0.00688821 0.000187863 0.00442467 0.790662 0.0855415 0.0114868 0.00132939 0.00251669 5.64303e-05 0.0969068 
0.00213996 3.54679e-06 4.09951e-06 0.276989 0.0411406 0.00271222 0.00424991 0.256161 0.0118747 0.404725 
4.94804e-11 2.19523e-06 0.00941797 0.0251574 0.00493698 0.00947735 0.00129056 0.0178181 2.97564e-11 0.931899 
0.000173102 0.00432843 0.0964912 0.00238704 0.0601619 0.00170459 0.000904352 0.818927 0.0114916 0.00343099 
0.0106123 0.000369463 3.65878e-06 0.471276 0.504915 0.00402824 3.65807e-06 3.65887e-06 0.00878416 3.65898e-06 
3.72464e-05 0.00224717 0.433466 0.0229774 0.0107333 0.0274505 0.044313 0.201795 0.116084 0.140896 
0.000825816 0.00938292 0.442195 4.49541e-06 0.0016615 0.0152229 4.36561e-06 0.108196 0.0916083 0.330899 
0.00840866 7.64335e-07 7.64487e-07 0.857259 0.00848653 7.64474e-07 0.0034403 7.64504e-07 7.64436e-07 0.122402 
0.00158767 0.00131322 0.0330049 0.276537 0.282815 0.00155618 0.0476984 0.106599 0.000426305 0.248461 
0.00712209 4.64562e-05 0.592236 0.0975519 0.0807943 0.02409 0.000534225 0.0322769 0.00396392 0.161384 
4.39204e-06 2.4642e-08 2.18254e-06 0.780551 0.219402 1.07083e-05 1.71058e-05 7.99324e-06 2.17783e-06 3.17046e-06 
0.00869477 6.73944e-07 0.0291882 0.497762 0.0117296 0.0190093 0.168083 0.0350535 0.0136835 0.216796 
0.0102173 0.0484475 0.0557526 0.413553 0.191098 0.212358 0.000810911 0.0037393 2.33921e-07 0.0640229 
0.0193614 1.03311e-08 0.000501504 0.284035 0.678258 0.00316901 7.85223e-12 0.000771443 4.34872e-12 0.0139037 
6.93283e-06 0.0187251 6.93402e-06 0.435483 6.934e-06 0.00486066 6.93267e-06 6.93418e-06 6.93356e-06 0.540889 
0.00130699 1.8879e-12 0.0037106 0.890045 0.081237 0.0117201 0.00691947 1.14613e-08 0.000485395 0.00457569 
0.00061644 0.00154635 0.0883623 0.0138146 0.00411416 0.101715 0.000380536 0.660773 0.0134389 0.115238 
0.00284109 0.00160835 0.043313 0.215607 0.0390245 0.0222996 0.112119 0.0280363 0.102378 0.432772 
0.00151461 0.0080755 0.0303888 0.172595 0.0150936 0.0501756 0.0697487 0.305051 0.0590568 0.2883 
0.367109 0.00109635 0.000303719 0.515103 0.0286356 0.00330968 0.002135 0.00156093 0.00438223 0.0763638 
0.0023364 0.00557515 0.000918716 0.557352 0.000893267 0.000975851 0.00707752 0.0327234 0.359873 0.0322743 
0.00186808 0.00249464 0.0208872 0.366567 0.0475451 1.56008e-06 0.267855 3.13368e-06 0.0646647 0.228114 
6.90787e-07 0.00119139 0.362034 2.75622e-05 0.0413931 0.047114 0.000104869 0.456657 0.0853501 0.0061268 
7.75918e-09 9.09194e-06 0.00969893 0.663079 0.143148 0.0232819 0.00513329 4.93115e-05 0.134073 0.0215272 
0.0145198 0.0172513 0.0917364 0.306896 0.310019 0.112581 5.0589e-07 0.0356735 0.0112327 0.10009 
0.0145198 0.0172513 0.0917364 0.306896 0.310019 0.112581 5.0589e-07 0.0356735 0.0112327 0.10009 
1.46508e-08 1.2185e-05 0.00477628 0.531055 0.00109206 6.3025e-09 0.0249835 3.68264e-05 0.329488 0.108556 
0.015317 0.00187909 0.297818 0.118657 0.103627 0.139014 0.00732047 0.121597 0.0967976 0.0979734 
0.000245399 2.07176e-06 0.0154408 0.25124 0.0440722 0.0453596 0.00848898 0.100806 0.283186 0.251159 
0.000612178 0.00336989 0.155174 0.111153 0.0560968 0.200121 0.00012486 0.091286 0.08326 0.298803 
1.09194e-07 2.4199e-06 0.0242049 0.00080237 0.00706395 0.354391 1.23945e-05 0.51772 0.0429246 0.0528781 
3.89211e-11 5.31309e-05 0.0364456 1.17084e-07 0.0143028 0.788764 0.0067177 0.0364086 0.0308535 0.0864547 
0.00209618 0.0225993 0.00161016 0.264273 0.0156094 0.0101299 0.0952616 0.0263825 0.368866 0.193173 
0.00208156 0.000190837 0.0238028 0.162894 0.0103062 0.128302 0.000190033 0.141779 0.00197846 0.528475 
0.000226978 0.00810786 0.00482716 0.227757 0.0468173 0.0190292 0.252816 0.00150975 0.379075 0.0598335 
3.66267e-07 0.0470644 0.355011 3.66346e-07 3.66329e-07 3.66324e-07 0.000183496 0.0530463 0.272165 0.272528 
0.0016932 0.0657922 0.0842919 0.203896 0.256354 0.00897666 0.0201066 0.185613 0.0252351 0.14804 
3.72464e-05 0.00224717 0.433466 0.0229774 0.0107333 0.0274505 0.044313 0.201795 0.116084 0.140896 
0.00351804 9.62185e-07 0.114135 0.0151652 0.210006 0.183102 0.00392997 0.0873125 0.378277 0.00455339 
1.29747e-12 0.023527 0.423537 2.59688e-13 4.87194e-13 5.58147e-13 3.53632e-07 0.00731287 0.430749 0.114874 
5.90147e-05 5.72971e-05 0.00841073 0.0549293 0.0206047 0.0346629 0.0178466 0.733453 0.0318672 0.0981092 
0.000262033 0.121351 0.00983968 0.364054 0.165345 8.70677e-07 0.00800969 0.190338 8.70634e-07 0.140799 
0.0234722 0.00051446 0.0735691 0.255316 0.0538588 0.132766 0.00898725 0.0278547 0.0165552 0.407106 
0.0011182 0.00544754 0.180088 0.119226 0.0327202 0.0622053 0.000646068 0.201633 0.075468 0.321448 
7.95327e-06 7.95305e-06 7.95463e-06 0.244226 0.441489 7.95449e-06 7.95309e-06 0.0962611 7.9541e-06 0.217977 
0.0016932 0.0657922 0.0842919 0.203896 0.256354 0.00897666 0.0201066 0.185613 0.0252351 0.14804 
0.00262267 4.18995e-05 0.000208326 0.443471 0.195387 0.029767 0.0017637 0.0135606 0.00547718 0.307701 
0.000723819 1.53492e-05 0.445174 0.159079 0.0504011 0.0237472 0.0116412 0.0860743 0.0764873 0.146657 
5.42986e-05 0.00295343 0.00655414 0.0417241 0.922376 0.000190501 0.000267764 0.00877852 0.000154387 0.0169467 
0.00192566 0.00288825 0.0192571 3.2096e-07 0.0452855 0.44216 0.0439613 0.248353 0.0383829 0.157786 
0.0112131 1.60671e-05 3.66469e-08 0.799017 0.0412081 2.2022e-07 0.133736 6.78011e-08 1.68202e-08 0.0148094 
0.0439605 0.00427988 0.00232496 0.678535 0.104836 0.0112918 0.00472263 1.84511e-07 1.84494e-07 0.150049 
0.0166703 0.000976869 0.0142699 0.341575 0.317152 0.0562504 7.50865e-07 0.0465645 7.5096e-07 0.206539 
0.0439605 0.00427988 0.00232496 0.678535 0.104836 0.0112918 0.00472263 1.84511e-07 1.84494e-07 0.150049 
1.34704e-05 1.44018e-06 2.47578e-07 0.69069 0.30152 0.00446609 0.00330152 3.34439e-08 2.72292e-08 7.35432e-06 
1.34704e-05 1.44018e-06 2.47578e-07 0.69069 0.30152 0.00446609 0.00330152 3.34439e-08 2.72292e-08 7.35432e-06 
0.000199364 0.000524286 0.00211126 0.0459202 0.00223196 0.00131583 5.34405e-05 0.879865 0.00546205 0.0623164 
0.000115749 0.000301826 0.00235006 0.0424747 0.00113631 0.00165098 1.69202e-05 0.908432 0.00578101 0.0377401 
3.02556e-06 0.000175574 0.0102484 0.063755 0.00092755 0.0222589 0.00779208 0.691421 0.0624096 0.141009 
6.89285e-06 0.000781416 0.0650657 0.0148036 0.0045964 0.00523137 0.0245713 0.195174 0.611067 0.0787026 
0.000169027 0.00228946 0.0365055 0.261006 0.0205943 0.000271645 0.00627939 0.0245088 0.457243 0.191133 
0.0267165 0.0382088 6.51625e-06 0.524918 8.53084e-06 0.0103231 0.0154193 1.81085e-05 2.34805e-06 0.384379 
0.000111623 2.44122e-06 0.000944331 0.0399577 0.00235946 0.000132825 8.0064e-08 0.676365 0.00103059 0.279096 
0.000374596 3.38172e-06 0.00353445 0.092774 0.606379 0.00756208 0.0556325 0.113917 0.000841588 0.118981 
0.000253563 0.00347259 0.00396983 0.17912 0.781839 0.00518821 0.00205347 0.00862084 0.00993592 0.00554584 
0.000155656 0.000437433 0.022148 0.0594478 0.857446 0.00523826 0.000775951 0.0168446 0.020039 0.0174671 
0.00250256 0.00945187 0.600795 0.143331 0.0327562 0.000516588 0.00169135 0.0242956 0.0225158 0.162144 
0.000100309 0.000244891 0.0231502 0.0267543 0.890054 0.00229314 0.000506082 0.0192373 0.0205807 0.0170793 
0.000187488 0.00127107 0.0565498 0.0901989 0.712077 0.0113572 0.00203124 0.102684 0.00293882 0.020704 
2.91374e-05 6.10159e-05 0.000350931 0.0076931 0.986084 0.000464812 0.000144261 0.00373545 0.00124185 0.000195535 
0.000135862 0.000736833 0.00176786 0.0203751 0.953361 0.0087204 0.000346491 0.00574298 0.00734115 0.00147191 
0.00115832 6.64102e-05 0.00187868 0.246322 0.698629 0.0161664 0.0190998 0.0127026 0.00246517 0.00151113 
0.00419572 0.00527462 0.0301111 0.137064 0.413122 0.0309898 0.000848494 0.057036 0.000461896 0.320897 
0.00024879 6.30963e-05 0.000936929 0.0542351 0.908976 0.00134221 0.0176278 0.000345012 0.00246424 0.0137604 
0.00107248 0.00037648 0.00518909 0.284663 0.588106 0.026923 0.0309443 0.014771 0.00633411 0.0416208 
0.00531664 6.48276e-07 0.0143953 0.769173 0.108089 0.0173776 0.0521223 0.0160814 0.00226992 0.0151741 
0.000486174 0.00164556 0.0628629 0.565204 0.0381252 0.00720544 0.134311 1.16456e-05 3.07918e-06 0.190145 
0.00742271 0.000249897 0.000499701 0.740606 0.0196432 0.0266065 1.55894e-06 1.73898e-07 7.68507e-07 0.204969 
0.0189704 0.000197467 1.8437e-05 0.904196 0.0404979 0.00053826 0.000237748 8.97984e-14 2.00897e-13 0.0353437 
0.000313706 0.00134758 0.0160574 0.789955 0.155236 0.00770799 0.00891169 0.00295658 0.00172191 0.0157921 
0.00029115 0.00146897 0.0165267 0.801088 0.152486 0.00609144 0.00989816 0.00285388 0.00176172 0.00753464 
0.0147564 0.00356696 0.141799 0.258149 0.00750302 0.0441504 1.22957e-06 0.0107008 0.0301295 0.489244 
6.38263e-10 7.00898e-10 8.89608e-08 0.981461 0.014712 4.67039e-07 6.93072e-10 1.7157e-10 3.53169e-06 0.0038227 
0.00412396 5.74399e-07 0.000576167 0.693388 0.156871 5.03716e-06 0.139226 0.00128691 0.000405223 0.00411741 
0.0277781 8.00835e-06 0.00475717 0.85353 0.00183558 0.00364665 0.0409596 8.00285e-06 0.000178042 0.0672984 
0.0525187 0.000301613 0.0116853 0.759101 0.0805712 0.013045 2.94934e-05 0.000516199 0.00033373 0.0818976 
0.0652191 0.000705671 0.0321531 0.694985 0.0606067 0.0345312 6.97858e-10 0.00180607 0.00104295 0.10895 
0.0312616 0.0342828 0.00452673 0.427551 1.19953e-05 0.00438528 0.38089 0.00317099 2.33427e-10 0.113919 
0.000535807 0.0020574 0.000994916 0.738225 0.138213 0.00689975 0.0192632 0.0731514 0.000358162 0.0203008 
7.36159e-06 9.438e-07 0.00512555 0.0445352 0.912185 0.000189975 0.000559281 0.0233975 5.52817e-05 0.0139438 
0.000508334 0.00137297 0.0252865 0.0991006 0.638914 3.90594e-06 0.016076 0.135341 0.00901969 0.0743776 
6.23183e-06 0.00818397 0.00160943 0.147747 0.569423 0.00834041 0.000695592 0.109627 0.000229261 0.154138 
0.0026396 0.00159686 0.00292743 0.58302 0.36478 0.000784164 0.00391515 0.0113949 0.000859747 0.028083 
0.00377907 0.00234928 0.0282044 0.093423 0.0290864 0.0213059 0.0267798 0.279432 0.00096421 0.514676 
0.00116414 0.00220764 0.000517674 0.28788 0.520741 0.162828 0.000253591 0.00215811 3.60047e-07 0.0222494 
0.00416816 0.0112741 0.00637466 0.650484 0.115192 2.4508e-06 0.0129894 0.0269623 2.45068e-06 0.172551 
0.379682 8.55338e-08 2.43964e-07 0.438822 0.155137 0.00255368 1.44305e-11 3.09244e-07 2.05127e-07 0.0238047 
0.344375 1.14043e-07 3.25284e-07 0.470306 0.150552 0.00326317 1.67566e-11 4.12324e-07 2.73501e-07 0.0315016 
0.000169683 0.0776322 0.0115132 0.0652231 0.275246 0.00232813 0.307919 0.144458 0.017846 0.097664 
0.044556 3.1446e-07 0.00393178 0.468851 0.0837906 0.0119079 3.43085e-07 0.000349277 0.000863302 0.385749 
0.0714625 0.000498171 0.0030342 0.638046 0.0866941 0.00627343 0.112796 0.00050315 0.0142949 0.0663975 
0.00873247 0.000580065 0.000597766 0.683888 0.282616 0.00737248 0.000769062 1.06094e-07 0.000173546 0.0152704 
0.0012382 0.00248478 2.08965e-06 0.29144 0.679755 0.0250774 4.32454e-08 6.2843e-07 4.42731e-07 1.04939e-06 
1.17569e-06 1.76303e-06 0.0374905 0.26867 0.289023 0.166011 0.000346334 0.197557 0.018426 0.0224728 
0.0031139 8.46653e-11 0.0497285 0.08777 0.313165 0.00428192 0.4758 0.0633705 4.63658e-11 0.00277068 
0.000349142 5.15495e-07 0.106152 0.0331574 0.556553 0.0013223 0.0398484 0.253984 1.08266e-07 0.00863349 
0.0057687 0.00849007 9.80987e-07 0.385774 1.70471e-05 0.00305789 0.596478 1.41838e-10 9.08251e-07 0.000412417 
0.00113439 3.64756e-05 0.0148788 0.0875123 0.0657544 0.0166152 0.00291126 0.746275 0.00256075 0.0623212 
0.46549 0.00336189 0.00762502 0.405374 0.0629771 0.0093058 0.0155466 6.00362e-07 0.00612376 0.024196 
0.00289291 0.000164129 0.00652419 0.615481 0.265805 0.027798 0.00198918 0.0087567 0.00125144 0.0693373 
0.000285279 0.000339712 0.0039072 0.633086 0.255837 3.06372e-06 0.00312075 0.0435628 1.17044e-06 0.0598573 
0.00225278 0.00135177 0.0249893 0.187963 0.0317823 0.0940277 0.023633 0.302265 0.0160116 0.315723 
0.000122835 0.000325174 0.00252967 0.638583 0.300773 0.00442703 0.000489149 0.000947574 0.000255238 0.051547 
0.00149556 5.98987e-09 3.34678e-05 0.0377848 0.958578 0.000668362 1.35645e-11 5.14959e-05 1.9497e-05 0.00136846 
0.000245405 1.3681e-11 1.46996e-08 0.0124932 0.987044 0.000112578 1.35282e-11 6.93057e-09 2.92374e-05 7.53708e-05 
0.00149556 5.98987e-09 3.34678e-05 0.0377848 0.958578 0.000668362 1.35645e-11 5.14959e-05 1.9497e-05 0.00136846 
0.0035129 4.78534e-11 1.95546e-08 0.0764902 0.917088 0.00107961 4.73191e-11 9.22243e-09 1.95387e-05 0.00180928 
0.0740791 0.00503432 0.00529348 0.754622 0.0619583 0.0160066 1.29053e-06 1.29081e-06 1.29069e-06 0.0830025 
0.0177964 1.05798e-05 0.00136396 0.70089 0.208682 0.00228654 0.00632672 0.020633 0.000116905 0.0418944 
0.0994235 0.00177706 0.0053423 0.571668 0.188756 0.0828385 4.87067e-07 0.0126504 0.00174252 0.0358014 
0.00030812 0.000739421 0.000950213 0.684396 0.144965 0.00980875 0.108736 0.0339434 0.00435645 0.0117973 
0.000350566 3.78242e-05 0.00727768 0.630293 0.218294 0.024309 0.000245952 0.0195061 0.000393245 0.0992927 
9.21166e-05 0.000937917 7.14869e-05 0.676925 0.0101593 0.00289626 0.0421963 0.0028916 0.0646725 0.199158 
0.0146056 1.57216e-07 0.0110438 0.702249 0.235542 0.0131428 0.000499711 7.95629e-08 0.000141862 0.0227749 
0.0146056 1.57216e-07 0.0110438 0.702249 0.235542 0.0131428 0.000499711 7.95629e-08 0.000141862 0.0227749 
0.000465138 6.5416e-06 0.0152098 0.580722 0.050829 0.0216224 0.000528082 0.0320597 0.0336545 0.264903 
0.0102515 0.000585871 3.19448e-06 0.153638 0.721068 0.0558888 0.000318412 0.0011637 1.08218e-06 0.0570817 
5.52419e-05 0.0119588 0.00444852 0.0197475 0.0138839 0.0481289 0.00722572 0.809333 0.0168194 0.0683994 
0.00480239 0.000207858 0.00167899 0.829895 0.110352 0.0016962 0.00591765 0.00324764 3.98661e-06 0.0421985 
0.000821067 8.78468e-05 0.00152189 0.788528 0.133037 0.00418568 0.0331279 0.00324808 0.00309027 0.0323525 
0.00392697 5.27108e-05 0.00243851 0.853878 0.0772722 0.00880494 0.00182517 0.00852225 0.00190681 0.0413729 
0.00392697 5.27108e-05 0.00243851 0.853878 0.0772722 0.00880494 0.00182517 0.00852225 0.00190681 0.0413729 
0.000812395 0.00126979 0.00861035 0.0312683 0.888666 0.00435611 0.000312621 0.0305334 0.015635 0.0185361 
0.0286253 0.000369939 0.00114505 0.0933218 0.860117 0.00747215 0.000521268 0.00326909 0.00295911 0.00219914 
0.0402078 2.51135e-05 2.51185e-05 0.525024 0.017608 0.0728674 2.51136e-05 2.51191e-05 2.51168e-05 0.344167 
0.00202273 1.12309e-06 0.020333 0.0157282 0.136483 0.212415 1.12309e-06 0.377891 1.12324e-06 0.235123 
0.000847612 0.000108256 0.0186253 0.266097 0.0338292 0.010791 0.000932246 0.166234 0.00489367 0.497641 
2.14683e-06 2.14677e-06 0.00837621 0.223965 0.188525 0.0457364 2.14678e-06 0.215371 2.14705e-06 0.318018 
0.0145931 0.000131673 0.0208886 0.523376 0.386926 0.0112539 0.00184165 0.00221109 2.3107e-05 0.0387554 
0.46549 0.00336189 0.00762502 0.405374 0.0629771 0.0093058 0.0155466 6.00362e-07 0.00612376 0.024196 
0.0311773 7.79215e-06 0.0631368 0.375681 0.0148158 0.411508 0.0740334 0.0296246 7.79318e-06 7.79412e-06 
0.0311773 7.79215e-06 0.0631368 0.375681 0.0148158 0.411508 0.0740334 0.0296246 7.79318e-06 7.79412e-06 
0.000290311 0.377676 0.0346949 0.100481 0.0215453 0.00396646 0.00441419 0.128731 0.00622025 0.321981 
0.00177811 0.00103232 0.532751 0.0675664 0.194991 0.0238426 8.76402e-07 0.0484692 0.0149033 0.114665 
4.93525e-05 0.0173274 0.145068 0.00279331 0.118223 0.0267003 7.92308e-05 0.532414 0.0279913 0.129353 
0.00863177 0.0183579 0.208021 0.0992606 0.0689752 0.524357 0.00166532 0.025023 0.00433848 0.0413701 
0.00113874 0.000641361 0.00274224 0.0458279 0.61824 0.00391864 0.213707 0.0742582 0.0107001 0.0288259 
0.000224571 7.53574e-05 0.00138623 0.0820661 0.861668 0.00200716 0.00314405 0.00272384 0.0424636 0.00424124 
0.000607732 0.000570901 0.00139751 0.0571385 0.917858 0.0126183 0.000241911 0.00348831 0.00403619 0.00204288 
1.39145e-06 0.0895417 3.07307e-07 0.146651 0.732444 0.00912641 0.00678887 0.00695627 2.55154e-07 0.00848954 
0.00214394 0.0787905 0.000300912 0.197386 0.696034 0.00583354 0.00414767 0.00922674 0.000119954 0.00601651 
2.29422e-05 0.000109264 0.0101966 0.14238 0.537313 0.0360384 0.237172 0.0246966 0.00318945 0.00888229 
2.28963e-06 1.26387e-06 0.0209222 0.0864002 0.036929 0.000670793 0.848475 0.00612703 3.97315e-07 0.000471491 
0.000349142 5.15495e-07 0.106152 0.0331574 0.556553 0.0013223 0.0398484 0.253984 1.08266e-07 0.00863349 
0.0114228 3.95229e-07 0.200777 0.045028 0.320396 0.0189748 0.1011 0.282098 3.95281e-07 0.0202017 
0.0114228 3.95229e-07 0.200777 0.045028 0.320396 0.0189748 0.1011 0.282098 3.95281e-07 0.0202017 
0.073754 0.00207652 0.0730256 0.201613 0.149421 0.0298885 0.168281 0.200768 0.00311071 0.0980624 
0.20582 1.07337e-06 1.84521e-07 0.66672 0.106074 1.10916e-06 1.17118e-06 1.13248e-11 2.53358e-11 0.0213822 
0.0190842 5.96516e-06 0.00222798 0.0479609 0.680987 0.0534841 0.070823 0.0608962 0.0257838 0.0387471 
0.0146056 1.57216e-07 0.0110438 0.702249 0.235542 0.0131428 0.000499711 7.95629e-08 0.000141862 0.0227749 
0.000721858 1.14049e-06 0.197087 0.16958 0.0504447 3.9735e-06 3.47055e-05 0.00628545 0.0641168 0.511725 
0.00401818 0.138299 0.0745209 0.167131 0.0564996 0.0226486 0.0150357 0.163231 0.0239869 0.33463 
0.00411796 2.3873e-06 0.00364287 0.862065 0.0170718 0.0046489 0.00135405 0.000640487 1.68825e-07 0.106456 
0.357661 0.00135966 0.0110546 0.39324 0.146142 0.0836685 0.000563928 1.84046e-07 0.000320421 0.00598991 
0.000646062 0.00472447 0.0545326 0.038094 0.0262853 0.0992119 0.0170448 0.15412 0.0212649 0.584076 
0.000845182 0.00432527 0.034818 0.156781 0.0595614 0.18918 0.100131 0.120473 0.0182759 0.315609 
0.000792567 0.000526344 0.00268524 0.0705093 0.904051 0.0081963 0.000528624 0.00410221 0.00551187 0.00309668 
4.15262e-05 0.000916135 0.00144467 0.0145263 0.96591 0.000536724 0.000457643 0.00773001 0.00586529 0.00257207 
0.00136938 0.000700136 0.00118536 0.641497 0.324695 0.0105048 0.00238486 0.00688219 0.00119147 0.00958948 
0.000782355 0.000883322 7.09265e-07 0.331793 0.565732 9.95008e-07 8.69267e-06 0.0160803 2.44375e-06 0.0847162 
0.00068192 0.0229315 0.0207724 0.476649 0.200517 0.0197059 0.00245922 0.041884 0.00705448 0.207345 
0.00068192 0.0229315 0.0207724 0.476649 0.200517 0.0197059 0.00245922 0.041884 0.00705448 0.207345 
0.00115801 0.00028782 0.000951673 0.854979 0.113397 0.00821201 0.000350679 0.00364721 0.000992317 0.0160241 
0.00437614 2.07612e-10 0.000915353 0.691888 0.266475 0.00024697 2.05294e-10 0.00372495 8.15238e-05 0.0322921 
0.00194689 0.000759838 0.0237305 0.20614 0.371537 0.076207 0.03539 0.0325479 9.97867e-05 0.251641 
1.29666e-06 2.396e-06 0.0141826 0.317258 0.171494 0.00452194 0.0155395 0.476997 2.71443e-06 1.95603e-10 
2.10043e-06 2.10037e-06 0.215963 0.122484 0.0279425 0.429815 0.000212138 0.135716 2.10065e-06 0.0678611 
0.00901658 0.0770668 0.00366281 0.0981692 0.00279561 0.246792 2.02859e-07 0.0502146 0.00192428 0.510358 
0.00612761 0.000230832 0.000566052 0.840502 0.0195923 0.0637488 0.00844247 0.000902554 0.000567507 0.0593198 
0.0129113 4.53345e-07 0.00991602 0.307272 0.430657 0.0871113 0.000226082 6.32099e-07 9.81722e-07 0.151904 
0.011665 6.7364e-08 0.00268584 0.220997 0.676498 0.0246337 0.013456 0.0340508 0.000213629 0.0157999 
0.000438262 1.22273e-05 0.00828049 0.0691431 0.911695 0.0010587 0.000130291 0.00013561 0.00186033 0.00724595 
0.00125209 0.0379316 0.0046545 0.610251 0.0521503 0.00137765 0.0912024 0.0666973 0.00755797 0.126925 
0.000438262 1.22273e-05 0.00828049 0.0691431 0.911695 0.0010587 0.000130291 0.00013561 0.00186033 0.00724595 
0.000375713 0.00250703 0.398453 0.0551136 0.0915711 0.153962 0.000520367 0.125013 0.0252807 0.147203 
5.74369e-07 5.06788e-08 2.17016e-08 0.835152 0.0988673 0.0601295 0.0057851 4.71368e-08 6.57929e-05 5.93226e-08 
0.0021135 6.62257e-05 0.000345927 0.8802 0.0927136 0.00512936 0.00448764 0.000192159 0.00213564 0.0126161 
0.0336225 0.0399092 1.86703e-06 0.753696 0.170087 0.00128999 7.9769e-05 1.27121e-06 1.91673e-06 0.00131057 
0.000623351 2.87454e-05 0.000270901 0.76082 0.0134862 0.0318228 0.0487435 0.0227234 0.00316415 0.118317 
0.0486388 1.94472e-05 1.94511e-05 0.126457 1.9451e-05 0.192581 1.94473e-05 0.223712 1.94498e-05 0.408514 
5.96883e-05 0.00135121 0.0102193 0.208325 0.016531 0.0636856 1.21506e-05 0.0262787 0.00297685 0.670561 
0.00027119 0.00063753 0.00567938 0.348722 0.33808 0.124835 0.00889621 0.141628 0.00195871 0.0292922 
0.0587916 0.0605014 0.227876 0.157324 0.0761109 0.0215575 1.81245e-06 0.208856 5.657e-05 0.188925 
0.000877776 0.00737851 0.00910028 0.727698 0.0576382 0.0105334 0.106073 0.0233137 0.00131916 0.056068 
0.00917387 0.00759557 0.00221286 0.749163 0.196924 0.00204321 0.00305364 0.00974753 0.000238354 0.0198482 
0.000749063 4.00569e-07 0.00575187 0.502777 0.276902 0.0168508 0.00153446 0.00823292 0.00114678 0.186055 
0.00542907 0.00664914 0.0196628 0.410115 0.0833849 0.0561004 0.0171636 0.0746465 0.00457842 0.32227 
0.040638 1.32321e-05 8.22619e-05 0.958547 5.64571e-05 0.000124601 0.000386744 3.78877e-05 1.23083e-05 0.000101606 
0.0118922 0.0063612 0.0657369 0.193161 0.0437018 0.0943157 0.00359587 0.0480363 0.0200984 0.513101 
0.0011208 0.0022376 0.000672718 0.701999 0.0466535 0.000143466 0.238338 2.0796e-08 8.01537e-07 0.00883399 
0.00101125 0.0114392 0.0107957 0.549796 0.0593346 0.0657733 0.21064 0.020198 0.00156359 0.0694478 
0.000608751 0.000274839 0.00226774 0.600382 0.0324115 0.00124503 0.315628 0.000149334 0.0036644 0.0433684 
0.00117067 7.57215e-09 2.39673e-09 0.948934 0.0471956 0.0019217 7.4876e-09 1.85356e-09 4.14678e-09 0.000778038 
0.00096506 6.28973e-09 5.88192e-05 0.815714 0.0226519 0.0464294 4.80022e-05 0.0147323 6.48811e-05 0.0993355 
4.03294e-07 5.87555e-07 2.80049e-06 0.0344377 0.487728 0.0840901 8.19444e-07 0.312456 9.48446e-07 0.0812826 
9.33984e-06 3.17121e-06 0.000675926 0.084184 0.442382 0.00522799 0.292454 0.0998705 0.000159479 0.0750342 
0.00522198 1.22638e-06 0.00903039 0.644411 0.0838447 0.0220685 3.27925e-05 0.031435 0.00368188 0.200272 
6.75373e-07 4.50912e-06 7.42019e-07 0.363623 0.0666153 0.110462 4.25876e-07 0.00883589 0.0673642 0.383093 
0.00103878 0.0100635 0.00270861 0.616446 0.0666509 0.0131723 0.0609208 0.0216554 0.00901267 0.198331 
0.000820812 0.000456401 0.011846 0.174223 0.291571 0.0296131 0.139381 0.16374 0.00437419 0.183974 
0.0209481 6.48107e-06 7.02286e-06 0.445095 0.134507 0.0154504 0.312311 0.0118112 1.74436e-09 0.0598643 
0.00357641 2.85463e-05 0.000454547 0.189414 0.777199 0.00116781 0.00918179 0.00494717 3.93097e-05 0.0139914 
0.000641423 4.27911e-06 0.150638 0.659109 0.0861664 0.0659527 0.000345166 0.0273062 0.00116137 0.0086754 
0.00207062 0.118292 0.0301682 0.200657 0.502251 1.19001e-05 1.49765e-08 0.000482044 0.00646395 0.139602 
0.0355519 0.00155557 0.0170307 0.596889 0.108179 0.0286861 0.000395057 0.0564434 9.41809e-05 0.155175 
0.0355519 0.00155557 0.0170307 0.596889 0.108179 0.0286861 0.000395057 0.0564434 9.41809e-05 0.155175 
0.00926072 0.00379864 0.0139621 0.423968 0.247798 0.00879804 0.0003436 0.0153447 0.00194336 0.274783 
0.0225381 0.00173652 0.0131237 0.570062 0.295014 0.0239332 0.00357579 0.0241531 1.31465e-05 0.04585 
0.0193026 4.52583e-06 0.0481623 0.447532 0.054764 0.109958 0.000370283 0.00301477 0.00141263 0.315478 
0.0527637 0.00664343 0.00574694 0.653808 0.162227 0.0010903 0.00470188 0.00648926 6.97683e-05 0.10646 
3.53949e-07 3.88683e-07 1.23025e-07 0.999427 0.000571626 1.52262e-07 3.84343e-07 9.51443e-08 2.12857e-07 5.6628e-08 
1.42199e-05 0.0099679 1.42224e-05 0.60876 0.381173 1.42221e-05 1.42196e-05 1.42227e-05 1.42214e-05 1.42231e-05 
0.000151025 0.00873803 0.00204221 0.00474492 0.0147115 0.01469 0.0805378 0.227565 7.58051e-06 0.646812 
0.00953203 0.0182568 1.34258e-06 0.156956 0.0127558 0.00644561 0.0069814 0.278325 0.00255208 0.508194 
0.00325243 0.00163976 0.0092833 0.408015 0.0577903 0.0413361 0.00588526 0.033992 0.000381052 0.438425 
0.000314194 0.00783187 0.00498052 0.0823233 0.0275442 0.0141934 0.000700006 0.39688 0.0101034 0.455129 
5.28715e-05 5.287e-05 5.28806e-05 0.645225 0.354352 5.28797e-05 5.28703e-05 5.28818e-05 5.28771e-05 5.28834e-05 
1.46149e-05 2.76661e-09 1.26983e-05 0.00145396 0.0260653 8.49698e-05 2.76308e-07 3.39292e-07 2.31825e-05 0.972345 
0.0694061 9.27307e-10 7.82668e-07 0.802636 0.11566 0.00655668 0.000255753 4.24781e-07 0.00176777 0.00371619 
0.250857 9.43041e-07 9.43229e-07 0.472298 0.241467 0.0113195 9.43046e-07 9.43251e-07 9.43167e-07 0.0240546 
7.25153e-05 0.000129361 0.00680865 0.191999 0.043595 0.025138 0.000693495 0.124999 0.101559 0.505006 
0.000115742 0.000206791 0.00737755 0.18331 0.0590082 0.0386922 0.000288758 0.0503996 0.154912 0.505689 
0.00959801 0.00131332 0.000893804 0.472757 0.380985 0.0230998 2.94285e-07 0.0963544 0.000989458 0.0140087 
0.000260025 0.000308655 0.0254217 0.133758 0.159137 0.0038078 0.0360452 0.522533 0.00240894 0.11632 
9.84932e-06 9.84905e-06 9.85101e-06 0.118227 0.446259 9.85084e-06 9.8491e-06 0.0935966 9.85036e-06 0.341858 
0.00785406 1.1386e-05 0.00130979 0.559912 0.309397 0.00109225 2.65402e-06 0.0448552 4.23021e-08 0.0755661 
