1.32776e-06 4.31036e-05 0.299504 0.148541 0.0656394 0.0854204 0.00317735 0.0762838 0.116361 0.20503 
2.04006e-05 2.04001e-05 2.04041e-05 0.148977 0.177536 0.673344 2.04002e-05 2.04046e-05 2.04028e-05 2.04052e-05 
2.59165e-05 0.000260558 0.0410534 0.0208251 0.0210928 0.0127361 0.000138464 0.827771 0.00596727 0.0701297 
-nan -nan -nan -nan -nan -nan -nan -nan -nan -nan 
7.81068e-06 4.78927e-06 0.0103423 0.00259974 0.00474007 0.0507879 1.85591e-05 0.889277 0.0024648 0.0397569 
6.28534e-06 1.34643e-08 0.776419 0.000145841 7.28446e-05 0.223128 4.20518e-06 8.09009e-05 1.23889e-05 0.00013014 
0.0019293 0.00351835 0.00169737 0.867398 0.0977517 1.81825e-06 6.54551e-07 0.00187326 6.9428e-07 0.0258286 
0.00801752 0.0300624 0.218492 0.0560384 0.0656026 0.0670594 0.00300709 0.0762649 0.0257844 0.449671 
2.29129e-09 0.0098028 0.243199 0.0145195 0.228728 0.0794083 6.32525e-05 0.0580764 0.045776 0.320427 
1.64881e-05 0.000163802 0.000788302 0.553889 0.000200788 7.17776e-05 2.09599e-05 0.444411 0.000172395 0.000266044 
0.00190254 1.29395e-10 0.0164714 0.462704 0.0223337 0.179008 0.00194767 0.0375997 0.00727576 0.270757 
0.00727346 0.00683149 0.06538 0.25307 0.199661 0.102794 0.0322316 0.110252 0.000342569 0.222163 
0.0134523 0.000592294 0.0429595 0.722058 0.0620473 0.0100068 0.000146254 0.116374 1.65207e-09 0.0323631 
5.4013e-07 0.01642 0.0207451 0.00140518 0.652803 0.0596942 5.40118e-07 0.136626 0.112305 5.40251e-07 
1.53617e-06 6.72054e-11 2.25501e-07 0.126254 0.737385 0.0320921 6.71196e-09 0.104266 6.99648e-08 1.36198e-06 
4.286e-06 0.0027446 0.0517278 0.0633691 0.00546481 0.0141734 0.0118459 0.673195 0.0215293 0.155946 
0.00110893 1.26075e-06 0.00215369 0.185989 0.393786 0.026118 1.53237e-08 0.193215 0.000112783 0.197515 
0.00442264 4.67449e-11 0.0300819 0.455611 0.0874046 0.0700834 2.12671e-07 0.0248089 2.43218e-07 0.327587 
1.70809e-07 5.1128e-11 0.000780989 0.941928 0.0535586 0.00235002 0.000198099 5.21711e-07 2.79996e-11 0.00118343 
4.07524e-07 0.0258506 0.0149101 0.0252247 0.0584658 0.119272 7.13626e-11 0.257114 0.0596125 0.43955 
0.00243738 1.6238e-06 1.62412e-06 0.244605 0.515982 0.0138064 1.6238e-06 0.21098 1.62401e-06 0.0121832 
3.49906e-07 0.000875091 0.0154339 0.159592 0.628046 0.00388491 0.0218339 0.116857 0.00997373 0.0435035 
0.0439605 0.00427988 0.00232496 0.678535 0.104836 0.0112918 0.00472263 1.84511e-07 1.84494e-07 0.150049 
4.96039e-07 3.95283e-05 1.87314e-06 0.266091 0.62115 0.00028304 0.00620591 0.104358 0.00183269 3.74212e-05 
0.0262892 0.000252465 0.000224214 0.769998 0.183422 0.00318232 0.000305582 4.79262e-05 4.12653e-08 0.0162783 
4.9472e-05 0.0742555 4.94805e-05 0.405808 0.331568 0.188072 4.94709e-05 4.94816e-05 4.94772e-05 4.94831e-05 
9.39705e-09 1.03192e-08 1.01285e-05 0.999916 2.57618e-05 2.02161e-05 3.0714e-06 1.77073e-06 1.24382e-05 1.06758e-05 
6.57299e-06 6.57281e-06 6.57412e-06 0.299143 0.0710071 0.496344 6.57285e-06 0.0420819 6.57368e-06 0.0913918 
0.00014427 0.00102183 0.00346691 0.435424 0.141445 0.179226 0.0583736 0.128082 0.00429108 0.0485247 
0.00161199 9.43513e-11 0.000359591 0.968666 0.00574656 0.00347444 0.000519857 2.77103e-07 1.66076e-07 0.0196216 
0.000781479 0.00012374 0.0690541 0.101191 0.715876 0.0101963 0.00391349 0.0404128 3.06954e-07 0.0584503 
0.000497723 0.0110164 0.0101132 0.756812 0.174241 0.00146204 0.00286733 0.0116164 0.000458614 0.0309154 
0.00448169 0.00462399 0.00948781 0.441948 0.268392 0.00892393 0.00101858 0.1219 0.000909825 0.138315 
0.00276489 0.000435142 0.0074088 0.477897 0.367258 0.00864481 0.00371564 0.0799857 0.00982468 0.0420645 
0.000483855 0.0155498 0.00658026 0.371375 0.207037 0.048185 0.0049783 0.0225112 0.0197336 0.303567 
9.36802e-06 9.05794e-05 0.00172181 0.415743 0.178122 0.118649 0.0492252 0.177968 0.00116079 0.0573094 
-nan -nan -nan -nan -nan -nan -nan -nan -nan -nan 
3.49906e-07 0.000875091 0.0154339 0.159592 0.628046 0.00388491 0.0218339 0.116857 0.00997373 0.0435035 
0.000861148 0.000977204 0.026542 0.0451588 0.0412229 0.0699378 0.000117533 0.639572 0.0612584 0.114352 
-nan -nan -nan -nan -nan -nan -nan -nan -nan -nan 
0.0200152 0.000443627 0.00777841 0.629777 0.247736 0.0189351 0.0155074 0.051732 0.00233739 0.00573773 
-nan -nan -nan -nan -nan -nan -nan -nan -nan -nan 
-nan -nan -nan -nan -nan -nan -nan -nan -nan -nan 
-nan -nan -nan -nan -nan -nan -nan -nan -nan -nan 
0.0161252 6.08724e-08 4.36909e-08 0.8604 0.0371128 0.000580819 0.0855377 3.72479e-08 0.000242918 6.38127e-08 
7.72688e-06 1.14863e-06 7.32928e-08 0.836782 0.00071269 8.98123e-10 0.00238631 5.61214e-10 1.25555e-09 0.16011 
0.0012933 0.0105326 0.0253966 0.0823075 0.792983 0.00456578 0.00368725 0.0574944 0.0011843 0.0205557 
-nan -nan -nan -nan -nan -nan -nan -nan -nan -nan 
0.00309232 0.00297894 0.0268901 0.0750906 0.822139 0.00991195 0.00233389 0.0425994 0.000381603 0.0145826 
0.00801752 0.0300624 0.218492 0.0560384 0.0656026 0.0670594 0.00300709 0.0762649 0.0257844 0.449671 
0.000153884 0.00343598 0.19049 0.00574938 0.0018296 0.00389259 0.00991978 0.117082 0.0676156 0.599831 
0.000549871 0.010081 0.173187 0.15027 0.076054 0.0490071 0.0586362 0.0836979 0.0788339 0.319684 
2.97983e-07 0.000471803 0.0417463 0.0124827 0.10581 0.0633489 0.0400602 0.535104 0.0184932 0.182483 
-nan -nan -nan -nan -nan -nan -nan -nan -nan -nan 
4.24753e-06 0.0010221 0.00737322 0.022857 0.00221738 0.0139543 0.00313962 0.793104 0.0468378 0.109491 
7.93099e-07 0.00160762 0.000417644 0.0119511 7.41023e-05 0.000145918 0.00157147 0.793018 0.048496 0.142717 
4.24753e-06 0.0010221 0.00737322 0.022857 0.00221738 0.0139543 0.00313962 0.793104 0.0468378 0.109491 
0.00436869 0.000358949 0.0416157 0.124138 0.0415522 0.0129427 0.00430327 0.054474 0.00501911 0.711228 
0.000245405 1.3681e-11 1.46996e-08 0.0124932 0.987044 0.000112578 1.35282e-11 6.93057e-09 2.92374e-05 7.53708e-05 
0.000245405 1.3681e-11 1.46996e-08 0.0124932 0.987044 0.000112578 1.35282e-11 6.93057e-09 2.92374e-05 7.53708e-05 
0.00149556 5.98987e-09 3.34678e-05 0.0377848 0.958578 0.000668362 1.35645e-11 5.14959e-05 1.9497e-05 0.00136846 
0.000305874 1.32432e-11 1.83733e-08 0.0149319 0.984522 0.000125237 1.30953e-11 8.66226e-09 2.43669e-05 9.09733e-05 
0.000245405 1.3681e-11 1.46996e-08 0.0124932 0.987044 0.000112578 1.35282e-11 6.93057e-09 2.92374e-05 7.53708e-05 
0.000305874 1.32432e-11 1.83733e-08 0.0149319 0.984522 0.000125237 1.30953e-11 8.66226e-09 2.43669e-05 9.09733e-05 
0.000115233 1.12075e-06 0.407907 0.33396 0.0701491 0.0144333 3.02968e-06 0.0390118 9.7412e-07 0.134418 
9.91579e-09 0.00331727 0.183225 0.000461637 0.0807632 0.0908635 0.000136082 0.625417 0.00285864 0.0129569 
0.00165462 0.00199056 0.00352237 0.508208 0.194032 0.0346122 0.00115208 0.0209205 0.0100582 0.223849 
-nan -nan -nan -nan -nan -nan -nan -nan -nan -nan 
0.00133547 7.9344e-06 0.00294582 0.5621 0.238687 0.0149047 0.0192317 0.0515172 7.49274e-06 0.109262 
0.0169856 0.000449129 0.186061 0.224843 0.258766 0.0474935 0.000104227 0.0968111 0.000477904 0.16801 
9.86313e-05 9.6796e-05 0.0658796 0.536323 0.190243 0.0355246 0.00323925 0.119708 0.00262925 0.0462568 
4.89209e-07 1.83316e-09 0.119912 0.410024 0.160338 0.028011 0.00348295 0.219292 0.000873635 0.0580653 
0.00294207 0.0278504 0.121845 0.161167 0.189416 0.0806932 0.00442563 0.0871508 0.00562615 0.318885 
0.00124665 0.0217603 0.031769 0.611853 0.142327 0.00730829 0.0145443 0.101466 0.000577861 0.0671475 
0.0108548 0.00143493 0.00399146 0.257774 0.581925 0.0065994 0.0215877 0.0909708 6.54586e-05 0.0247966 
-nan -nan -nan -nan -nan -nan -nan -nan -nan -nan 
-nan -nan -nan -nan -nan -nan -nan -nan -nan -nan 
0.00255058 0.00231684 0.0472603 0.333668 0.199575 0.0562042 0.000115589 0.149311 0.00852553 0.200473 
1.16332e-06 5.10787e-10 1.53606e-06 0.0572485 0.748899 0.110222 5.05084e-10 0.0836207 1.95836e-06 5.08281e-06 
2.87925e-05 4.19476e-05 0.000199936 0.000136583 0.110411 0.834535 5.85029e-05 0.000214698 0.0542382 0.000135582 
1.23318e-05 8.81868e-05 0.0100937 0.0129627 0.0606871 0.0074343 0.00126188 0.884068 0.0052477 0.0181446 
0.000155744 0.00726525 0.0168226 0.156591 0.0381944 0.00407711 0.00117224 0.243049 0.0106949 0.521978 
8.26453e-06 6.59136e-05 0.0097193 0.012905 0.0624784 0.00820819 0.000826581 0.887683 0.00210312 0.0160021 
0.00123081 6.10895e-08 0.0011097 0.790258 0.16336 0.00108304 0.00516722 0.0020251 0.000555994 0.0352103 
0.00808718 2.36577e-08 0.00342972 0.805609 0.115924 0.00506927 0.0534632 0.00132289 0.000473261 0.0066216 
0.00422727 0.00321927 0.0513546 0.466826 0.0352707 0.12117 0.000665893 0.0955922 0.0049517 0.216723 
0.000892467 0.000440421 0.0187521 0.0793181 0.0140028 0.0336096 2.87022e-05 0.800762 9.35405e-06 0.0521849 
0.00028077 0.00015655 0.0585478 0.070367 0.299563 0.362253 0.00166022 0.158075 0.00507373 0.0440231 
0.00082192 9.17987e-06 0.0269299 0.529956 0.121759 0.049799 0.0183265 0.0450447 0.00337928 0.203975 
0.000134001 0.8135 0.00414354 0.0827225 0.027043 0.00769387 0.00111439 0.0508051 0.00338619 0.00945737 
8.31701e-07 0.970459 3.45283e-05 2.00948e-05 0.00154294 2.46763e-05 4.6807e-06 0.0276987 8.37959e-12 0.000214481 
8.31701e-07 0.970459 3.45283e-05 2.00948e-05 0.00154294 2.46763e-05 4.6807e-06 0.0276987 8.37959e-12 0.000214481 
4.09581e-05 0.00075593 0.0054329 0.0717515 0.322786 0.00216766 0.562858 0.013118 0.00210944 0.01898 
7.24742e-05 5.48931e-06 0.00029592 0.051711 0.282185 0.000688463 0.621833 0.00955647 0.00699151 0.0266613 
4.98175e-05 5.54834e-06 0.000237114 0.0305231 0.306788 8.40876e-05 0.658024 0.00216502 0.000528273 0.00159437 
8.31701e-07 0.970459 3.45283e-05 2.00948e-05 0.00154294 2.46763e-05 4.6807e-06 0.0276987 8.37959e-12 0.000214481 
0.0196777 0.658917 0.00660826 0.101526 0.125016 0.007965 5.12147e-07 0.0645499 0.00149467 0.0142458 
3.78855e-08 5.65824e-06 0.000402238 0.255882 0.302955 0.00102059 0.417422 0.00630668 0.00137713 0.0146284 
0.000259573 0.00589191 0.000795625 0.576352 0.351736 0.0247867 1.42575e-05 0.00799043 0.0140298 0.0181433 
0.000295184 3.66134e-06 0.000139732 0.221176 0.374823 0.000386144 0.398027 0.00323039 0.000380148 0.00153856 
7.97157e-09 0.999997 3.04277e-08 1.86677e-06 2.11499e-07 2.86123e-08 1.9765e-08 7.58246e-07 8.77406e-12 5.14693e-08 
4.68659e-08 0.875016 0.0003085 0.00194412 0.0778452 1.6301e-07 1.13905e-07 0.0379836 1.00143e-07 0.00690169 
0.0003957 0.000949825 0.00122124 0.722358 0.0888414 0.0106238 0.111206 0.0436372 0.0055995 0.0151667 
5.15635e-08 1.13827e-05 0.000497176 0.0267918 0.357139 0.0001757 0.606736 0.00419516 0.00110714 0.00334655 
0.00848068 0.022595 0.0756652 0.145589 0.483338 0.0418498 0.0172394 0.0845397 5.57962e-07 0.120702 
1.40107e-06 1.40103e-06 1.40131e-06 0.323018 0.669545 1.40128e-06 1.40104e-06 1.40134e-06 0.00742785 1.40138e-06 
0.173933 0.00010427 0.0211261 0.299882 0.0811889 0.223886 0.00309799 0.0460997 0.00172829 0.148955 
-nan -nan -nan -nan -nan -nan -nan -nan -nan -nan 
0.000405754 2.19754e-07 0.000162521 0.317187 0.271028 0.00958719 0.00143857 0.38795 3.80045e-07 0.0122401 
0.000240096 0.00197271 0.0102059 0.0452192 0.901784 0.00723525 0.00155142 0.0219489 3.36628e-12 0.00984231 
-nan -nan -nan -nan -nan -nan -nan -nan -nan -nan 
4.29822e-06 4.2981e-06 0.132842 0.554595 4.29895e-06 0.0937198 0.0154775 4.29905e-06 0.0971544 0.106194 
0.000942624 3.94763e-05 5.19222e-05 0.739221 0.111682 0.00369682 0.127731 0.00840819 2.10388e-07 0.00822659 
3.60384e-07 0.0147183 0.0174901 0.290974 0.378771 0.000844039 0.195388 0.0837182 0.000739413 0.0173564 
0.156959 8.68967e-05 0.0191061 0.332016 0.0988884 0.206182 0.00368789 0.0437227 0.00144025 0.137911 
0.17003 0.0002047 0.0226447 0.309172 0.0873953 0.234093 0.00513344 0.0116847 0.00195158 0.157691 
-nan -nan -nan -nan -nan -nan -nan -nan -nan -nan 
0.00561338 1.19405e-06 0.0478921 0.1352 0.197296 0.255335 1.19405e-06 0.187627 1.19421e-06 0.171032 
0.17003 0.0002047 0.0226447 0.309172 0.0873953 0.234093 0.00513344 0.0116847 0.00195158 0.157691 
2.04302e-05 0.000166001 0.000975565 0.459345 0.0727409 0.0374647 0.366697 0.0201137 0.0050783 0.037399 
8.27328e-05 3.09096e-05 0.00162866 0.365484 0.242521 0.046186 0.271091 0.0289185 0.00246377 0.0415925 
2.26844e-05 2.68307e-06 0.00523203 0.0533128 0.895769 0.00314714 0.000777772 0.019591 0.000448506 0.0216965 
3.07566e-05 2.14574e-07 0.000440028 0.259145 0.666572 0.00841607 0.00498112 0.00581261 1.32815e-06 0.0546002 
2.26844e-05 2.68307e-06 0.00523203 0.0533128 0.895769 0.00314714 0.000777772 0.019591 0.000448506 0.0216965 
8.27328e-05 3.09096e-05 0.00162866 0.365484 0.242521 0.046186 0.271091 0.0289185 0.00246377 0.0415925 
0.000518327 0.000374893 0.104703 0.725046 0.0599308 0.000848089 0.0430336 0.00687845 0.000907564 0.0577595 
0.000646679 1.74629e-08 0.00126916 0.358312 0.564991 0.0303092 0.000425931 0.00171877 0.00183891 0.0404883 
0.000250253 7.91302e-05 0.149316 0.0331182 0.0177456 0.583515 0.000640516 0.00858061 0.0071891 0.199566 
0.0556034 4.62769e-05 0.000438633 0.906329 0.0234595 0.000487702 0.00251673 0.00265168 0.000523553 0.00794363 
0.00427617 9.59358e-08 0.049495 0.45498 0.305385 0.0689486 0.0172538 0.00331124 0.0115423 0.0848076 
0.0300436 0.00794408 0.0300018 0.0877548 0.236769 0.0107278 0.00168645 0.0050474 0.0012805 0.588744 
0.007735 0.00426921 0.0207318 0.0373318 0.429203 0.0200218 0.00053714 0.0635849 0.000256399 0.416329 
0.0435737 0.0053541 0.017686 0.212384 0.326398 0.00947911 0.00808535 0.00518908 0.000732584 0.371119 
-nan -nan -nan -nan -nan -nan -nan -nan -nan -nan 
0.00500847 0.00309749 0.00616179 0.229806 0.681099 0.00521983 0.00039049 0.0346833 0.000117812 0.034415 
0.0502427 0.00043925 0.00440055 0.530302 0.372824 0.0170979 0.00523948 0.00318354 4.38006e-07 0.0162697 
0.000330436 0.0195202 0.137722 0.0534433 0.116706 0.096095 0.000407107 0.418127 0.0455316 0.112118 
0.000517444 0.00443164 0.0349825 0.0178206 0.396765 0.0914627 0.000352062 0.192099 0.00236881 0.2592 
8.86636e-11 0.00294633 0.364812 1.7746e-11 3.32926e-11 3.81413e-11 9.62773e-11 0.0265894 0.225981 0.379672 
2.64429e-05 2.64422e-05 0.0238292 0.129625 2.64474e-05 0.0793675 2.64423e-05 0.76702 2.64457e-05 2.64489e-05 
9.66486e-06 0.0118413 0.660909 1.33473e-05 2.93065e-05 0.0239356 0.00287589 0.0277997 0.00927462 0.263311 
0.00241244 0.00158726 0.0370062 0.251582 0.495999 0.0226754 0.000246297 0.00354854 0.000378756 0.184563 
0.00241244 0.00158726 0.0370062 0.251582 0.495999 0.0226754 0.000246297 0.00354854 0.000378756 0.184563 
0.00241244 0.00158726 0.0370062 0.251582 0.495999 0.0226754 0.000246297 0.00354854 0.000378756 0.184563 
0.00188088 0.000742822 0.0108423 0.794277 0.120373 0.00760079 0.00720257 0.000339538 0.00105654 0.0556849 
0.000538448 0.00174853 0.10094 0.0571685 0.116267 0.0981624 0.008075 0.221826 0.00396387 0.391311 
0.000217789 0.00282169 0.00194659 0.801977 0.160571 6.10621e-05 0.003015 0.000636106 0.000381324 0.0283722 
-nan -nan -nan -nan -nan -nan -nan -nan -nan -nan 
0.00572032 0.000176479 0.00556956 0.774957 0.0911557 0.0134327 0.00151023 0.00323574 7.25513e-05 0.104169 
0.00640617 3.23077e-10 1.0226e-10 0.721413 2.19851e-06 7.97464e-07 1.94908e-06 0.0338733 5.84043e-07 0.238302 
4.94804e-11 2.19523e-06 0.00941797 0.0251574 0.00493698 0.00947735 0.00129056 0.0178181 2.97564e-11 0.931899 
-nan -nan -nan -nan -nan -nan -nan -nan -nan -nan 
0.000369164 0.0110393 0.278853 0.00341815 0.178605 0.00482591 0.00216218 0.518988 0.00173918 5.77254e-07 
-nan -nan -nan -nan -nan -nan -nan -nan -nan -nan 
4.65466e-05 0.00145114 0.411803 0.0287217 0.0124611 0.0343129 0.0553905 0.211704 0.107079 0.13703 
0.000825816 0.00938292 0.442195 4.49541e-06 0.0016615 0.0152229 4.36561e-06 0.108196 0.0916083 0.330899 
-nan -nan -nan -nan -nan -nan -nan -nan -nan -nan 
0.00118419 0.00196882 0.038428 0.262043 0.184058 0.00233329 0.00940468 0.127255 0.000638371 0.372687 
-nan -nan -nan -nan -nan -nan -nan -nan -nan -nan 
0.00547552 1.90219e-05 0.643501 0.0868467 0.0763543 0.0256139 0.000652921 0.0286256 0.00353348 0.129377 
4.39204e-06 2.4642e-08 2.18254e-06 0.780551 0.219402 1.07083e-05 1.71058e-05 7.99324e-06 2.17783e-06 3.17046e-06 
-nan -nan -nan -nan -nan -nan -nan -nan -nan -nan 
-nan -nan -nan -nan -nan -nan -nan -nan -nan -nan 
-nan -nan -nan -nan -nan -nan -nan -nan -nan -nan 
-nan -nan -nan -nan -nan -nan -nan -nan -nan -nan 
-nan -nan -nan -nan -nan -nan -nan -nan -nan -nan 
0.00863177 0.0183579 0.208021 0.0992606 0.0689752 0.524357 0.00166532 0.025023 0.00433848 0.0413701 
0.0990139 8.20984e-07 0.00862284 0.354341 0.485708 0.0111682 8.20988e-07 0.00525628 8.21093e-07 0.0358868 
-nan -nan -nan -nan -nan -nan -nan -nan -nan -nan 
0.00531664 6.48276e-07 0.0143953 0.769173 0.108089 0.0173776 0.0521223 0.0160814 0.00226992 0.0151741 
5.33962e-05 0.00132199 0.0894906 0.00430648 0.00160429 0.108302 0.000489202 0.725909 0.0118531 0.0566698 
-nan -nan -nan -nan -nan -nan -nan -nan -nan -nan 
-nan -nan -nan -nan -nan -nan -nan -nan -nan -nan 
0.458842 0.001369 0.000379215 0.446903 0.0177304 0.00413573 0.00266662 0.000194114 0.00547581 0.0623048 
0.00225167 0.0111468 0.000891907 0.438123 1.71286e-06 0.000927255 8.20192e-06 0.0654451 0.451773 0.0294307 
0.00122543 0.00101365 0.0207536 0.418081 0.0440495 2.34012e-06 0.164383 4.70052e-06 0.0404465 0.31004 
1.08543e-06 0.00198494 0.558698 1.82788e-06 0.0689867 0.0712562 0.00017454 0.148696 0.142245 0.00795507 
-nan -nan -nan -nan -nan -nan -nan -nan -nan -nan 
7.72416e-09 1.26575e-05 0.0193862 0.767817 0.0932908 9.03907e-06 1.70318e-05 6.86673e-05 0.119394 4.38397e-06 
-nan -nan -nan -nan -nan -nan -nan -nan -nan -nan 
-nan -nan -nan -nan -nan -nan -nan -nan -nan -nan 
1.80455e-08 1.74141e-05 0.00123769 0.685739 0.00163281 7.76281e-09 0.0184822 2.73293e-06 0.211071 0.0818165 
0.0228981 0.0028132 0.266769 0.17797 0.110866 0.125888 0.0109758 0.117298 0.0175753 0.146947 
4.50591e-07 1.03064e-10 0.00171215 0.113796 8.60951e-06 0.0299476 0.0108136 0.0177868 0.70549 0.120444 
0.000856862 0.00471698 0.217241 0.0379197 0.0540736 0.218559 1.67194e-05 0.12129 0.103397 0.241929 
1.50285e-11 8.96222e-10 0.0115432 3.38048e-06 0.00470963 0.213312 1.85781e-05 0.690905 0.0571609 0.022347 
4.15185e-11 0.000157492 0.0483479 2.2022e-07 0.0314622 0.888472 1.59149e-06 0.0210691 0.0104877 1.38165e-06 
0.000151549 0.0106462 0.00321874 0.227867 0.0312136 0.020256 0.182392 0.00100681 0.483358 0.0398905 
0.00320712 3.64771e-07 0.0260201 0.144608 0.0149202 0.290019 1.90732e-07 0.0356652 3.5588e-07 0.485559 
-nan -nan -nan -nan -nan -nan -nan -nan -nan -nan 
0.000151549 0.0106462 0.00321874 0.227867 0.0312136 0.020256 0.182392 0.00100681 0.483358 0.0398905 
-nan -nan -nan -nan -nan -nan -nan -nan -nan -nan 
-nan -nan -nan -nan -nan -nan -nan -nan -nan -nan 
-nan -nan -nan -nan -nan -nan -nan -nan -nan -nan 
4.65466e-05 0.00145114 0.411803 0.0287217 0.0124611 0.0343129 0.0553905 0.211704 0.107079 0.13703 
0.0011274 1.04379e-06 0.146743 0.0184457 0.167883 0.212321 0.0050516 0.0762524 0.368676 0.00349951 
1.29747e-12 0.023527 0.423537 2.59688e-13 4.87194e-13 5.58147e-13 3.53632e-07 0.00731287 0.430749 0.114874 
9.96741e-06 6.14183e-06 0.00609461 0.0326102 0.00715401 0.0283065 0.00525327 0.838876 0.0213885 0.0603007 
-nan -nan -nan -nan -nan -nan -nan -nan -nan -nan 
0.0187991 0.000384338 0.11775 0.0991043 0.0229511 0.192497 0.0121534 0.0464244 0.0275919 0.462345 
0.00134068 0.00653407 0.148444 0.111717 0.0247229 0.0746312 0.000773328 0.241935 0.0788553 0.311047 
-nan -nan -nan -nan -nan -nan -nan -nan -nan -nan 
-nan -nan -nan -nan -nan -nan -nan -nan -nan -nan 
-nan -nan -nan -nan -nan -nan -nan -nan -nan -nan 
0.00214662 8.26768e-07 7.90143e-05 0.429138 0.238734 0.0076889 0.00193317 0.015506 0.00594857 0.298825 
2.01692e-05 1.19071e-09 0.694697 0.111428 9.36486e-06 0.0516963 2.75527e-05 0.0115723 0.130501 4.72032e-05 
4.00167e-05 0.000122045 0.00106451 0.0117516 0.981774 5.78488e-05 1.08678e-05 0.000545883 4.18042e-06 0.00462943 
-nan -nan -nan -nan -nan -nan -nan -nan -nan -nan 
0.0336379 5.79969e-07 9.97016e-08 0.815975 0.0383733 5.99309e-07 0.0675854 3.30491e-08 1.36896e-11 0.0444275 
-nan -nan -nan -nan -nan -nan -nan -nan -nan -nan 
-nan -nan -nan -nan -nan -nan -nan -nan -nan -nan 
-nan -nan -nan -nan -nan -nan -nan -nan -nan -nan 
-nan -nan -nan -nan -nan -nan -nan -nan -nan -nan 
2.01131e-05 2.01126e-05 2.01166e-05 0.33397 0.502934 0.0603688 0.0422567 0.0442777 0.0161124 2.01177e-05 
2.01131e-05 2.01126e-05 2.01166e-05 0.33397 0.502934 0.0603688 0.0422567 0.0442777 0.0161124 2.01177e-05 
9.00411e-05 0.000234777 0.00195231 0.0330361 0.00130303 0.00164466 1.31684e-05 0.923865 0.00449639 0.033365 
1.57707e-05 4.80764e-05 0.0020584 0.0204396 0.000332926 0.00220111 5.25063e-07 0.962376 0.0040163 0.00851147 
2.466e-06 0.000189341 0.012524 0.0763404 0.00111496 0.0277265 0.00962781 0.643548 0.0610308 0.167896 
8.61304e-06 0.000976699 0.0378473 0.0101243 0.00185434 0.00119639 0.00174018 0.180352 0.667522 0.0983781 
0.000337888 0.00375699 0.0616627 0.420185 0.0273205 0.000543141 0.000796307 0.0429405 0.330443 0.112014 
0.00829983 0.0157861 0.0646649 0.252689 0.0783633 0.0551437 0.00661662 0.232367 0.0134665 0.272603 
8.24028e-06 7.77053e-07 0.0010469 0.0489896 0.00281729 6.83627e-05 1.06675e-07 0.613212 0.00122487 0.332632 
4.90876e-05 4.19889e-06 0.00271169 0.115967 0.757962 0.00945239 0.000196899 0.0443554 4.41706e-06 0.0692971 
0.000199021 0.0032204 0.00396543 0.146552 0.817484 0.0032506 0.0019853 0.00925269 0.00928442 0.00480527 
0.000100309 0.000244891 0.0231502 0.0267543 0.890054 0.00229314 0.000506082 0.0192373 0.0205807 0.0170793 
0.00066236 0.00788446 0.681529 0.0858698 0.0301494 0.000299004 0.00195122 0.0280329 0.0259781 0.137644 
0.000100309 0.000244891 0.0231502 0.0267543 0.890054 0.00229314 0.000506082 0.0192373 0.0205807 0.0170793 
0.000187488 0.00127107 0.0565498 0.0901989 0.712077 0.0113572 0.00203124 0.102684 0.00293882 0.020704 
1.88665e-05 7.84445e-05 0.000451191 0.00860989 0.983578 0.000597608 0.000144821 0.00468953 0.00159665 0.000235414 
1.81689e-05 0.00015805 0.000877726 0.0003942 0.987654 0.00119918 3.66063e-05 0.00571955 0.00373756 0.000205098 
0.00115832 6.64102e-05 0.00187868 0.246322 0.698629 0.0161664 0.0190998 0.0127026 0.00246517 0.00151113 
0.00699125 0.00878849 0.0501829 0.228435 0.282375 0.0516472 0.00141357 0.0356154 0.000769419 0.333782 
0.000164393 3.03435e-05 0.000394819 0.0325812 0.958902 0.000535418 0.000702642 0.00015815 6.59807e-05 0.00646505 
0.000684885 4.95077e-05 0.000965816 0.270519 0.599214 0.0183567 0.0464159 0.0169784 0.00662473 0.040191 
-nan -nan -nan -nan -nan -nan -nan -nan -nan -nan 
0.000810013 0.00274227 0.10477 0.455232 0.0635406 0.0120082 0.110763 1.79474e-05 4.74534e-06 0.25011 
0.0390216 0.0146378 0.00569858 0.477214 0.0260215 0.107311 8.12764e-06 0.0333386 8.12867e-06 0.29674 
0.0439605 0.00427988 0.00232496 0.678535 0.104836 0.0112918 0.00472263 1.84511e-07 1.84494e-07 0.150049 
-nan -nan -nan -nan -nan -nan -nan -nan -nan -nan 
0.00029115 0.00146897 0.0165267 0.801088 0.152486 0.00609144 0.00989816 0.00285388 0.00176172 0.00753464 
7.94699e-05 0.000576905 0.0125472 0.827032 0.143135 0.00441382 0.00411599 0.00317838 0.00203239 0.00288859 
-nan -nan -nan -nan -nan -nan -nan -nan -nan -nan 
-nan -nan -nan -nan -nan -nan -nan -nan -nan -nan 
1.73544e-05 1.73539e-05 0.00696031 0.928678 0.0451464 1.73571e-05 1.7354e-05 1.73578e-05 1.73562e-05 0.0191115 
0.00369102 7.73392e-07 0.000650052 0.6332 0.188935 7.04605e-06 0.165383 0.00180151 0.000567204 0.00576431 
6.77064e-05 1.05516e-05 2.57174e-05 0.891557 1.30454e-05 3.97029e-05 0.0682638 1.33044e-05 1.20762e-05 0.0399967 
0.0627381 0.00042193 0.0163583 0.737558 0.0768667 0.0182617 4.11795e-05 0.000722451 0.000466964 0.0865643 
0.0311608 2.5132e-05 0.03069 0.803164 0.0845308 0.0231068 9.14462e-10 5.12553e-06 0.00049685 0.0268208 
0.0252298 0.0124099 0.0161348 0.0980333 4.13606e-06 0.0103441 0.747247 0.0202714 4.1358e-06 0.0703212 
0.000280009 0.0013616 0.000801604 0.772333 0.0934426 0.00666306 0.0211012 0.0794899 0.000341222 0.0241857 
-nan -nan -nan -nan -nan -nan -nan -nan -nan -nan 
-nan -nan -nan -nan -nan -nan -nan -nan -nan -nan 
3.72528e-07 1.32055e-06 0.00717571 0.0576985 0.882661 0.000265947 0.0006624 0.0322409 7.73899e-05 0.019217 
0.000841312 8.89217e-05 0.0421342 0.165129 0.668411 6.11587e-06 0.000869112 0.0842403 0.00137365 0.0369069 
9.36102e-08 0.00199393 0.000126646 0.143339 0.590606 0.0111804 3.2685e-05 0.0888044 6.93442e-06 0.163911 
0.000630287 0.00138459 0.00452115 0.484479 0.459895 0.000800576 0.00544841 0.0189915 0.00143289 0.0224165 
0.00490209 0.00391468 0.0470064 0.113052 0.0403458 0.0247009 0.0446307 0.0847437 0.00107388 0.63563 
0.00116484 0.00202741 0.00103498 0.256353 0.433656 0.256762 0.000189378 0.00431565 3.79254e-07 0.0444968 
-nan -nan -nan -nan -nan -nan -nan -nan -nan -nan 
0.344375 1.14043e-07 3.25284e-07 0.470306 0.150552 0.00326317 1.67566e-11 4.12324e-07 2.73501e-07 0.0315016 
0.485601 7.53649e-12 2.38544e-12 0.344371 0.168889 0.000425203 7.45234e-12 1.84483e-12 4.12725e-12 0.000714035 
1.56044e-06 0.129374 0.0191876 0.0314621 0.0430962 0.00387971 0.387518 0.203581 0.0297364 0.152164 
0.0425965 5.58581e-10 0.00728075 0.301323 0.0923022 0.0117695 5.52344e-10 0.000698542 0.00172657 0.542303 
0.00342491 0.00051253 0.00368846 0.582091 0.0999578 0.00832534 0.166424 0.00100621 0.022076 0.112494 
0.00879793 0.000266025 0.000218434 0.765318 0.193237 0.00944656 0.000586974 2.04999e-12 2.41793e-07 0.0221291 
0.0145198 0.0172513 0.0917364 0.306896 0.310019 0.112581 5.0589e-07 0.0356735 0.0112327 0.10009 
0.020605 0.0281365 0.0569466 0.227569 0.11234 0.0970497 0.00398977 0.0793274 0.0367811 0.337256 
0.00357235 4.58807e-12 0.0766208 0.068682 0.626298 0.00855808 0.084 0.12673 2.51259e-12 0.00553798 
0.0114228 3.95229e-07 0.200777 0.045028 0.320396 0.0189748 0.1011 0.282098 3.95281e-07 0.0202017 
0.000510386 6.73668e-07 1.44301e-07 0.0188381 1.36169e-11 6.14371e-08 0.97983 9.74809e-12 1.3359e-07 0.000820137 
0.00158811 5.10488e-05 0.0208302 0.0900997 0.0843913 0.0232611 0.00341634 0.686599 0.003585 0.0861785 
-nan -nan -nan -nan -nan -nan -nan -nan -nan -nan 
0.0035908 0.000245324 0.00804001 0.621328 0.268908 0.029837 0.00298139 0.0131309 0.00187583 0.0500629 
0.000190023 0.000149407 0.00366835 0.583711 0.28344 8.69989e-10 0.00283069 0.0493816 1.21622e-09 0.0766288 
-nan -nan -nan -nan -nan -nan -nan -nan -nan -nan 
1.95103e-06 3.37686e-06 0.00505843 0.726498 0.16181 0.000770467 0.00036429 0.00189428 0.00051 0.103089 
0.000245405 1.3681e-11 1.46996e-08 0.0124932 0.987044 0.000112578 1.35282e-11 6.93057e-09 2.92374e-05 7.53708e-05 
0.000305874 1.32432e-11 1.83733e-08 0.0149319 0.984522 0.000125237 1.30953e-11 8.66226e-09 2.43669e-05 9.09733e-05 
0.000245405 1.3681e-11 1.46996e-08 0.0124932 0.987044 0.000112578 1.35282e-11 6.93057e-09 2.92374e-05 7.53708e-05 
0.000245405 1.3681e-11 1.46996e-08 0.0124932 0.987044 0.000112578 1.35282e-11 6.93057e-09 2.92374e-05 7.53708e-05 
-nan -nan -nan -nan -nan -nan -nan -nan -nan -nan 
0.0237818 1.47921e-05 2.92251e-06 0.714305 0.225685 0.000685825 0.00825355 0.00958546 2.43218e-05 0.0176604 
0.00403244 0.00126464 0.00740561 0.608158 0.19783 0.12119 4.46083e-10 0.0188954 0.00290415 0.0383204 
0.0003957 0.000949825 0.00122124 0.722358 0.0888414 0.0106238 0.111206 0.0436372 0.0055995 0.0151667 
0.000327932 1.53513e-05 0.00625061 0.63581 0.243951 0.0195608 0.000131775 0.020286 0.000318805 0.0733486 
0.000117545 0.00119726 9.14462e-05 0.734973 0.0130542 0.00372017 0.0401648 0.00371357 0.0336651 0.169303 
0.0107543 2.35821e-07 0.015001 0.627916 0.301933 0.018445 1.01212e-07 1.19344e-07 0.000201871 0.0257482 
0.0107543 2.35821e-07 0.015001 0.627916 0.301933 0.018445 1.01212e-07 1.19344e-07 0.000201871 0.0257482 
0.000183048 1.58589e-06 0.0191798 0.584811 0.018197 0.0191273 0.000739174 0.0317535 0.0471157 0.278892 
0.0145269 0.000976341 5.19581e-06 0.227251 0.569238 0.0931474 0.000257336 0.000970177 1.76014e-06 0.0936267 
5.8805e-05 0.0127303 0.00473552 0.0165439 0.014719 0.0498089 0.00631844 0.812169 0.0170116 0.0659041 
0.00164107 0.000175404 0.00304309 0.802896 0.141931 0.00160808 0.00589198 0.00649524 7.90882e-06 0.0363106 
0.00164107 0.000175404 0.00304309 0.802896 0.141931 0.00160808 0.00589198 0.00649524 7.90882e-06 0.0363106 
0.00442186 8.77443e-05 0.00259383 0.802409 0.111838 0.0092123 0.0030395 0.0142032 0.000491553 0.0517035 
0.00442186 8.77443e-05 0.00259383 0.802409 0.111838 0.0092123 0.0030395 0.0142032 0.000491553 0.0517035 
0.000812395 0.00126979 0.00861035 0.0312683 0.888666 0.00435611 0.000312621 0.0305334 0.015635 0.0185361 
0.0286253 0.000369939 0.00114505 0.0933218 0.860117 0.00747215 0.000521268 0.00326909 0.00295911 0.00219914 
-nan -nan -nan -nan -nan -nan -nan -nan -nan -nan 
-nan -nan -nan -nan -nan -nan -nan -nan -nan -nan 
0.000456899 0.00012767 0.0220103 0.230568 0.0399784 0.00544658 0.000855541 0.167234 0.00578217 0.52754 
-nan -nan -nan -nan -nan -nan -nan -nan -nan -nan 
-nan -nan -nan -nan -nan -nan -nan -nan -nan -nan 
0.00733491 0.000184327 0.0276905 0.565619 0.32941 0.0145155 0.00257825 0.00234247 3.2328e-05 0.0502931 
-nan -nan -nan -nan -nan -nan -nan -nan -nan -nan 
-nan -nan -nan -nan -nan -nan -nan -nan -nan -nan 
-nan -nan -nan -nan -nan -nan -nan -nan -nan -nan 
0.00401818 0.138299 0.0745209 0.167131 0.0564996 0.0226486 0.0150357 0.163231 0.0239869 0.33463 
8.81059e-07 0.00309598 0.173199 0.0505482 0.390254 1.87004e-06 1.94484e-06 0.145406 5.84544e-06 0.237487 
5.7559e-05 0.0167413 0.136775 0.00304484 0.128553 0.0298067 9.24194e-05 0.54276 0.0237191 0.11845 
0.00863177 0.0183579 0.208021 0.0992606 0.0689752 0.524357 0.00166532 0.025023 0.00433848 0.0413701 
0.00113874 0.000641361 0.00274224 0.0458279 0.61824 0.00391864 0.213707 0.0742582 0.0107001 0.0288259 
1.21186e-05 0.000105385 0.000585173 0.00335098 0.988332 0.00079948 2.44123e-05 0.00381308 0.00284048 0.00013674 
0.000477746 0.000224474 0.000860477 0.0161124 0.969125 0.00709898 5.27248e-05 0.00320559 0.00189372 0.000948454 
0.0212788 0.0175127 0.013523 0.373567 0.453412 0.0148841 0.0111158 0.06943 0.00648904 0.0187879 
0.00196537 0.0898429 0.000275857 0.191091 0.690263 0.00638366 0.0044227 0.00893988 0.000109975 0.0067059 
2.82114e-06 3.34564e-05 0.0100105 0.117083 0.609232 0.0363079 0.193003 0.0314381 0.000846552 0.00204272 
2.20951e-06 1.2002e-06 0.0348583 0.103501 0.0443757 0.00111592 0.80516 0.0102006 3.7704e-07 0.00078486 
0.0114228 3.95229e-07 0.200777 0.045028 0.320396 0.0189748 0.1011 0.282098 3.95281e-07 0.0202017 
-nan -nan -nan -nan -nan -nan -nan -nan -nan -nan 
-nan -nan -nan -nan -nan -nan -nan -nan -nan -nan 
0.110622 0.00311434 0.014199 0.19988 0.176045 0.00639563 0.211179 0.25078 1.02043e-06 0.0277831 
0.355195 1.73253e-05 1.73287e-05 0.372603 0.204495 1.73284e-05 1.73254e-05 1.73291e-05 1.73276e-05 0.067603 
0.00823944 3.78207e-06 0.00444842 0.0959114 0.628012 0.106946 0.141603 0.0029949 3.57191e-06 0.0118376 
-nan -nan -nan -nan -nan -nan -nan -nan -nan -nan 
0.0107543 2.35821e-07 0.015001 0.627916 0.301933 0.018445 1.01212e-07 1.19344e-07 0.000201871 0.0257482 
1.92997e-06 2.10877e-06 5.25074e-06 0.50868 0.151293 7.36612e-06 6.43524e-05 2.58224e-06 1.80912e-05 0.339926 
-nan -nan -nan -nan -nan -nan -nan -nan -nan -nan 
3.57382e-07 9.1247e-11 4.85237e-07 0.931698 2.00624e-06 0.00491088 2.6167e-06 9.98444e-07 1.39967e-07 0.0633842 
0.241755 0.00407804 0.0331603 0.484356 0.0981065 0.126259 0.0016916 2.42881e-07 0.000961121 0.00963143 
0.000654699 0.00524018 0.0577867 0.0323997 0.0289949 0.107435 0.0188164 0.149624 0.0212212 0.577827 
0.000664216 0.00556075 0.0415729 0.0717355 0.0626847 0.228705 0.0846569 0.154893 0.0056697 0.343857 
0.000708395 0.000105407 0.00242944 0.0212249 0.963546 0.00280067 0.000286839 0.00381314 0.00284462 0.00224096 
4.15262e-05 0.000916135 0.00144467 0.0145263 0.96591 0.000536724 0.000457643 0.00773001 0.00586529 0.00257207 
0.00146939 0.000467259 0.0011021 0.59779 0.371563 0.00601516 0.00230363 0.00891436 0.000707557 0.00966754 
0.00543065 0.00540336 0.042515 0.271965 0.127395 0.04819 0.166755 0.0270359 0.084658 0.220652 
0.000615448 0.0286391 0.0200799 0.49083 0.227799 0.0121894 0.00204627 0.0475201 0.0078931 0.162388 
0.000615448 0.0286391 0.0200799 0.49083 0.227799 0.0121894 0.00204627 0.0475201 0.0078931 0.162388 
0.00117047 0.000134771 0.000855335 0.860188 0.110831 0.00449658 0.00016415 0.0043626 0.000596965 0.0172003 
0.00229936 2.03432e-10 0.0004907 0.699589 0.283336 0.00019655 2.01161e-10 0.00493831 3.52577e-05 0.00911532 
-nan -nan -nan -nan -nan -nan -nan -nan -nan -nan 
0.00259232 0.00100784 0.0316222 0.106119 0.4953 0.101557 0.0162506 0.0433805 0.000132402 0.202038 
1.6952e-06 3.13341e-06 1.4296e-05 0.0168491 0.514428 0.0135563 0.00180515 0.453339 3.55069e-06 4.51948e-11 
-nan -nan -nan -nan -nan -nan -nan -nan -nan -nan 
0.00859604 0.0807835 0.0109863 0.0426565 6.56393e-07 0.682017 1.50888e-11 0.00269785 0.00353766 0.168724 
4.25541e-07 1.64608e-07 7.43114e-07 0.805891 0.0107375 0.16332 0.0156391 0.00270763 0.00170248 1.20724e-06 
0.00567551 3.9525e-11 0.027297 0.0220083 0.573395 0.219738 1.80179e-06 7.68221e-07 2.90266e-06 0.151881 
0.0194175 1.22228e-08 0.000312796 0.116278 0.79353 0.00100424 0.00109573 0.0567356 0.000354124 0.0112717 
0.000544903 1.90078e-08 0.01115 0.0806142 0.897705 0.00092442 0.000166307 6.75246e-05 0.00300799 0.00581987 
0.000662686 0.0336867 0.00157392 0.620342 0.0596473 0.000823368 0.111466 0.0759124 0.00536559 0.09052 
0.000544903 1.90078e-08 0.01115 0.0806142 0.897705 0.00092442 0.000166307 6.75246e-05 0.00300799 0.00581987 
0.000459173 0.00290924 0.43763 0.0666288 0.0634794 0.157379 0.000635979 0.0940183 0.0308984 0.145961 
0.0487538 0.00391721 0.00530064 0.50414 0.243762 0.15928 0.00248876 4.60897e-07 0.000876089 0.0314807 
0.0025571 0.000110345 0.000359966 0.843719 0.134054 0.00726041 0.00118196 0.000320238 5.27556e-07 0.0104371 
0.0253912 2.72602e-05 1.89713e-06 0.688449 0.283388 0.00214225 0.000128888 1.29159e-06 1.94671e-06 0.000467792 
0.000801343 3.69256e-05 0.000348229 0.769766 0.012803 0.0409145 0.0500764 0.00811386 0.00361897 0.113521 
-nan -nan -nan -nan -nan -nan -nan -nan -nan -nan 
4.85817e-08 6.01052e-05 0.0107638 0.103533 0.0212246 0.000155747 5.27535e-08 0.0433473 0.000223288 0.820692 
0.000207025 0.000430403 0.00582369 0.287633 0.360448 0.120417 0.00889764 0.181995 0.00140608 0.0327421 
-nan -nan -nan -nan -nan -nan -nan -nan -nan -nan 
0.129841 7.19685e-06 0.106969 0.417641 0.0464485 0.0392378 1.77464e-10 0.0509224 6.88967e-08 0.208933 
0.000845713 0.00834402 0.00720599 0.745499 0.0611043 0.0074421 0.0953521 0.023719 0.00138686 0.0491005 
0.00624975 0.00631085 0.00284501 0.757846 0.193629 0.0026269 0.00317189 0.00963975 0.000306414 0.0173748 
0.00149776 7.06716e-07 0.00479371 0.378245 0.252863 0.0311734 0.00306849 0.0164654 0.00129324 0.310599 
0.00499584 0.00710618 0.0215783 0.382903 0.0847091 0.0600808 0.0186679 0.0825039 0.00506034 0.332395 
0.00604093 0.00412144 0.0809666 0.364026 0.0514371 0.099089 0.121821 0.04822 0.00700136 0.217277 
-nan -nan -nan -nan -nan -nan -nan -nan -nan -nan 
2.40099e-07 6.55891e-07 0.00114982 0.365798 0.0182797 1.19659e-07 0.614768 4.32922e-08 2.27126e-06 5.55059e-07 
0.000146121 0.010772 0.00735568 0.558727 0.0414242 0.0691927 0.222978 0.0226293 0.00158744 0.0651873 
0.000254336 3.05604e-07 0.00150456 0.436359 0.00774708 0.000277023 0.535125 0.00029856 0.00378486 0.0146501 
0.000666601 1.2463e-08 3.94477e-09 0.999278 4.29092e-05 9.25261e-06 1.23238e-08 3.05078e-09 6.82519e-09 3.59069e-06 
0.00159883 2.60136e-09 9.40434e-05 0.693149 0.0376685 0.0773469 7.38883e-05 0.024496 0.000102684 0.16547 
0.00508416 0.00674497 0.10159 0.120525 0.103654 0.342269 0.00951325 0.141062 0.0198842 0.149675 
9.33984e-06 3.17121e-06 0.000675926 0.084184 0.442382 0.00522799 0.292454 0.0998705 0.000159479 0.0750342 
0.00499838 1.57623e-06 0.00706232 0.4965 0.112899 0.0330992 4.89932e-05 0.0394652 0.00552181 0.300403 
2.32612e-06 2.32606e-06 2.32652e-06 0.570723 0.0435082 0.0486256 0.00837614 0.00884331 0.010471 0.309446 
0.00103456 0.0106084 0.00270858 0.597254 0.0624746 0.00963347 0.0663706 0.0238668 0.00854038 0.217509 
-nan -nan -nan -nan -nan -nan -nan -nan -nan -nan 
0.0209481 6.48107e-06 7.02286e-06 0.445095 0.134507 0.0154504 0.312311 0.0118112 1.74436e-09 0.0598643 
0.00147336 3.66923e-05 0.000178445 0.11182 0.859159 0.000845016 0.00941231 0.00636059 3.57538e-05 0.0106787 
-nan -nan -nan -nan -nan -nan -nan -nan -nan -nan 
-nan -nan -nan -nan -nan -nan -nan -nan -nan -nan 
0.000961416 5.90073e-06 0.00682782 0.738838 0.129243 0.0945912 0.000516456 0.0142623 0.00174153 0.0130123 
-nan -nan -nan -nan -nan -nan -nan -nan -nan -nan 
0.00211356 0.111404 0.0189868 0.189092 0.585759 1.78242e-05 1.69382e-08 0.000485487 0.00332652 0.0888147 
0.00247433 0.000782736 0.0204826 0.608093 0.107101 0.0294708 0.000274809 0.069136 0.000121067 0.162063 
0.00247433 0.000782736 0.0204826 0.608093 0.107101 0.0294708 0.000274809 0.069136 0.000121067 0.162063 
0.00891534 0.00357165 0.01545 0.434304 0.302513 0.00720454 0.000320741 0.0161265 0.00211518 0.209479 
0.0193288 0.0020259 0.0148287 0.587988 0.267254 0.0252367 0.0041717 0.0277763 1.53355e-05 0.0513752 
0.0146547 6.73261e-06 0.0627816 0.42864 0.0434493 0.157705 0.000555164 0.00351215 0.00126963 0.287426 
0.0133902 0.00655187 0.00474926 0.698546 0.187182 0.00125779 0.00542388 0.00748719 8.02864e-05 0.0753321 
0.000332154 0.000332145 0.000332211 0.99701 0.00033221 0.000332205 0.000332147 0.000332219 0.000332189 0.000332229 
-nan -nan -nan -nan -nan -nan -nan -nan -nan -nan 
0.000151025 0.00873803 0.00204221 0.00474492 0.0147115 0.01469 0.0805378 0.227565 7.58051e-06 0.646812 
-nan -nan -nan -nan -nan -nan -nan -nan -nan -nan 
0.00330242 0.000627217 0.018566 0.52075 0.089568 0.074845 0.0069999 0.00553582 0.000488612 0.279317 
0.000330416 0.00340008 0.00274585 0.070895 0.013643 0.0158512 0.000291772 0.400012 0.00883512 0.483996 
-nan -nan -nan -nan -nan -nan -nan -nan -nan -nan 
0.0129458 2.23158e-06 0.0323666 0.00357363 0.0227688 0.17499 0.000225391 0.00111827 0.03415 0.71786 
0.0324057 1.23065e-09 1.07848e-06 0.850846 0.101729 0.00801697 0.000358006 5.71657e-07 0.0024748 0.00416839 
-nan -nan -nan -nan -nan -nan -nan -nan -nan -nan 
9.00532e-05 0.000160875 0.00850786 0.161023 0.0544853 0.0300942 0.000865028 0.119893 0.126928 0.497953 
9.74087e-05 0.000275692 0.0090139 0.1699 0.0495883 0.0344372 0.000128897 0.0560485 0.112721 0.567789 
0.0196424 0.00297372 0.00828371 0.275464 0.0974811 0.157156 1.06167e-06 0.224911 0.0110439 0.203043 
0.000363805 0.00043189 0.0355888 0.0977441 0.222787 0.00533034 0.0395349 0.448216 0.00337159 0.146632 
-nan -nan -nan -nan -nan -nan -nan -nan -nan -nan 
0.0130852 1.23323e-05 0.00218227 0.535152 0.310312 0.000195448 2.87456e-06 0.013118 4.57841e-08 0.12594 
0.030124 3.86146e-06 3.86223e-06 0.789477 0.0370812 0.0853576 3.86148e-06 3.86231e-06 3.86197e-06 0.0579404 
0.000290804 0.00304601 0.00263463 0.233236 0.414876 0.005373 0.00516325 0.222485 0.0113773 0.101518 
0.000126507 0.000767238 0.00507273 0.241586 0.134756 0.0357249 0.000571538 0.45345 0.00119188 0.126753 
0.00148195 0.000459972 0.0202504 0.362252 0.0564373 0.141598 0.107673 0.0880019 0.0238851 0.197961 
0.00249391 0.000157153 0.0025014 0.460645 0.267838 0.136547 0.00106259 0.0542361 0.0128611 0.061658 
0.0990139 8.20984e-07 0.00862284 0.354341 0.485708 0.0111682 8.20988e-07 0.00525628 8.21093e-07 0.0358868 
0.00018393 4.67672e-07 0.0228734 0.193537 0.225631 0.2177 0.0041195 0.292487 1.03379e-09 0.0434669 
5.36065e-10 1.77281e-06 0.0180523 0.0514395 2.01289e-10 2.74085e-07 0.560549 0.339665 0.00394746 0.0263437 
-nan -nan -nan -nan -nan -nan -nan -nan -nan -nan 
0.000712913 0.0024941 0.234425 0.135277 0.0681816 0.0288146 0.0167353 0.271499 0.0837137 0.158147 
0.0291918 0.00159076 0.00165469 0.762253 0.0949672 0.0213251 0.0344464 0.00471151 0.000517494 0.0493421 
0.00586661 0.00218985 0.00834674 0.0876824 0.683571 0.0168994 4.13105e-07 0.155485 4.13157e-07 0.0399575 
0.11319 0.00323784 0.00465276 0.614636 0.109582 0.0215567 0.00162887 0.0393127 0.00133943 0.0908634 
0.595004 0.00840169 0.00472114 0.217923 0.0793098 0.0174041 0.00714309 0.00604309 3.147e-07 0.0640496 
